50 36 23 25 45 48 41 34 23 46 
22 20 47 26 31 22 35 36 27 35 
29 45 30 24 43 34 43 50 49 20 
25 39 48 34 20 50 48 47 28 50 
21 47 42 37 43 24 22 45 30 27 
37 45 34 47 29 25 34 29 36 50 
25 37 49 39 36 35 20 43 44 20 
29 25 49 28 31 48 50 33 36 21 
20 43 35 46 31 34 44 47 38 46 
34 43 41 39 28 20 25 31 29 40 
23 25 50 20 26 41 28 33 28 46 
34 38 21 21 49 37 31 29 30 26 
47 21 20 34 41 29 49 39 23 49 
28 47 50 46 45 27 37 23 45 44 
35 44 46 40 26 38 29 25 20 28 
24 42 45 45 36 26 41 35 48 39 
28 32 30 33 38 47 39 22 23 43 
21 39 37 37 45 30 20 33 21 32 
27 40 30 45 44 28 35 30 28 29 
39 29 33 41 45 25 42 31 24 22 
50 48 38 28 40 39 30 33 33 21 
24 43 21 46 27 48 24 42 21 34 
30 22 42 24 30 41 33 36 49 34 
29 35 46 38 36 24 32 41 35 37 
28 34 35 37 46 43 34 27 37 32 
23 31 23 37 39 21 47 34 43 27 
37 47 48 41 31 23 42 46 39 41 
27 36 22 20 20 41 23 26 41 38 
32 38 50 39 42 22 44 31 46 45 
36 28 38 33 31 34 48 30 29 46 
21 21 27 29 37 49 27 28 45 43 
22 35 35 41 24 48 32 21 21 29 
25 24 28 22 48 36 43 43 36 21 
37 39 21 43 31 49 32 20 22 24 
41 43 27 37 48 22 26 46 34 43 
42 25 39 36 28 39 20 36 28 50 
35 38 23 33 36 50 36 34 27 45 
44 47 28 24 42 28 24 32 40 49 
21 30 38 47 50 38 20 24 48 44 
36 47 37 46 43 36 22 20 24 34 
44 43 41 50 46 24 38 29 46 20 
39 40 30 49 23 47 35 38 34 49 
40 27 43 48 40 42 37 50 31 42 
23 42 21 45 20 31 33 42 44 46 
40 30 50 37 20 39 43 21 40 25 
23 33 45 46 29 36 47 39 33 35 
48 32 45 39 33 25 20 36 36 37 
21 37 48 33 49 24 31 35 31 24 
31 31 47 30 24 34 31 50 35 46 
36 45 46 36 26 30 38 32 22 32 
44 50 41 44 42 24 39 38 37 22 
36 31 33 27 33 35 46 38 35 28 
36 27 24 49 48 43 42 46 26 37 
49 20 44 34 50 29 36 43 28 45 
46 28 46 22 49 29 39 42 41 38 
46 28 28 42 46 32 30 28 42 27 
26 28 45 28 42 33 24 33 31 46 
26 47 30 21 32 37 45 27 23 49 
36 45 27 41 34 22 31 22 36 40 
31 45 25 34 30 35 43 44 46 27 
42 32 48 30 36 22 25 41 42 42 
43 25 26 24 24 38 23 30 48 24 
33 49 43 28 41 30 32 25 34 30 
20 23 39 30 33 47 36 47 34 48 
49 31 34 24 44 48 46 43 46 34 
43 25 37 42 41 36 38 41 44 23 
39 27 35 28 41 35 40 47 30 42 
42 41 38 38 22 37 23 34 45 32 
30 40 35 47 28 46 50 33 28 44 
46 46 24 48 23 38 45 42 28 42 
23 46 41 45 33 32 34 32 44 36 
43 24 27 49 23 33 35 43 35 27 
47 35 20 21 36 30 22 28 38 27 
37 48 32 42 38 28 32 22 39 25 
27 20 35 49 31 44 29 39 45 38 
39 47 37 38 45 33 45 36 32 39 
44 30 36 41 43 35 26 44 49 33 
36 22 36 32 20 21 48 28 44 25 
37 25 28 24 37 24 31 21 33 47 
24 44 45 30 34 37 21 20 27 38 
24 36 33 44 44 21 30 32 23 40 
32 39 38 40 36 24 30 48 23 29 
38 28 24 46 26 20 20 37 44 45 
50 20 32 37 47 39 34 36 27 35 
36 21 25 45 42 32 36 31 27 39 
34 41 22 33 43 50 45 44 25 46 
35 45 26 23 21 32 33 50 20 26 
39 28 38 26 48 34 32 22 23 33 
31 50 27 39 39 41 50 20 22 35 
30 38 25 27 29 44 27 30 26 27 
28 21 32 44 22 33 39 46 29 46 
24 43 43 40 41 29 37 48 50 37 
48 29 35 35 22 43 25 21 36 48 
30 20 39 37 48 46 25 36 34 48 
48 25 42 20 40 21 28 44 42 49 
34 42 44 31 37 23 37 45 50 32 
44 28 40 45 42 34 21 25 22 34 
36 35 32 46 30 40 26 37 23 26 
40 25 22 24 41 21 42 30 25 39 
34 38 46 38 24 44 49 24 41 35 
27 49 49 29 22 47 40 37 45 31 
24 31 20 33 31 34 41 37 40 40 
22 47 42 48 27 50 50 24 30 33 
24 24 44 44 47 27 38 21 49 48 
45 23 43 35 43 26 39 22 35 27 
27 28 37 46 27 24 39 28 25 40 
23 22 44 36 29 30 50 45 42 44 
43 29 25 26 41 20 48 31 40 33 
31 38 22 28 44 29 45 27 47 24 
23 37 30 37 33 25 25 46 29 26 
34 22 50 30 21 41 27 21 24 31 
45 31 27 36 23 32 25 34 34 41 
31 21 33 27 28 33 27 46 50 47 
43 27 48 43 31 43 27 41 46 37 
29 32 39 31 25 48 50 39 39 40 
40 41 42 47 45 27 33 26 38 41 
29 35 49 39 43 40 35 32 39 24 
31 29 49 46 25 30 31 37 46 43 
45 31 29 49 44 32 47 21 34 44 
20 37 26 50 45 35 21 40 37 34 
31 49 40 26 45 46 34 33 32 30 
25 48 42 29 39 28 45 44 41 27 
44 42 31 49 30 47 44 38 26 38 
27 35 32 24 39 40 31 50 32 28 
35 23 35 46 38 33 37 41 24 24 
21 28 27 26 37 39 46 20 24 50 
37 38 26 47 33 48 29 49 37 47 
35 22 35 49 31 44 26 20 34 47 
38 25 45 21 26 35 28 45 30 34 
24 24 30 28 26 46 25 22 31 39 
21 29 40 37 42 41 47 42 33 40 
40 35 35 37 37 43 45 48 20 23 
50 28 24 31 45 46 24 33 24 41 
31 37 46 32 46 27 41 35 35 35 
24 27 23 49 46 33 45 30 28 40 
28 41 22 28 33 26 20 29 21 23 
21 45 47 39 39 29 27 36 25 32 
45 48 42 31 38 31 50 25 20 49 
21 27 50 33 24 34 34 23 29 35 
27 35 45 30 20 26 45 21 41 42 
49 34 41 27 32 40 36 36 22 42 
46 43 33 35 25 34 26 40 23 33 
42 32 24 46 29 36 36 26 31 20 
42 42 34 43 43 32 47 37 43 26 
20 31 43 30 37 26 26 20 24 21 
30 25 47 29 30 20 38 38 41 45 
40 24 46 21 24 21 25 41 27 23 
22 23 28 35 47 28 31 29 24 41 
43 50 43 40 34 38 48 27 37 22 
35 36 34 24 26 33 20 44 29 44 
49 27 46 29 31 26 34 21 28 37 
27 38 42 43 38 34 48 23 22 25 
43 46 45 35 27 27 26 28 23 44 
24 22 37 48 39 43 30 34 40 48 
33 25 46 48 48 36 38 39 40 40 
42 46 24 35 48 29 30 35 31 49 
22 46 23 20 23 23 41 36 25 30 
48 48 36 24 50 31 35 42 28 50 
21 24 43 34 27 28 39 47 28 46 
27 34 27 40 42 50 49 49 23 30 
50 44 22 36 39 21 23 47 29 30 
46 39 44 33 39 28 46 22 40 20 
45 28 28 36 47 47 34 50 23 33 
50 23 36 47 50 24 26 32 25 42 
36 47 21 28 33 44 36 44 30 27 
46 29 37 40 33 38 28 39 21 21 
28 35 22 22 44 35 22 40 42 33 
37 35 23 31 46 22 33 42 32 33 
44 44 34 30 34 48 48 23 49 39 
33 22 22 37 49 47 30 35 43 24 
38 42 50 33 30 44 30 21 43 26 
48 21 33 26 30 49 45 42 25 39 
45 26 23 49 34 44 42 23 32 25 
25 26 43 23 29 21 23 42 37 40 
42 36 30 32 34 22 37 41 37 29 
38 33 25 44 30 35 49 45 37 33 
45 40 50 40 49 33 43 41 50 26 
43 43 49 47 28 36 22 44 33 32 
20 35 47 43 31 29 27 48 31 40 
20 26 50 27 45 45 40 20 44 32 
41 38 26 28 49 32 37 30 40 50 
29 44 42 40 42 48 27 35 41 29 
29 43 46 43 38 20 22 50 50 48 
44 20 21 34 46 21 24 46 38 29 
45 38 42 23 45 28 30 40 32 24 
42 40 34 25 29 43 25 36 39 23 
42 43 40 34 27 26 29 26 48 41 
29 24 25 21 38 48 28 30 48 39 
36 42 32 27 46 24 40 28 45 41 
37 49 30 28 36 47 49 22 23 38 
35 40 26 21 47 44 21 35 21 41 
46 23 40 45 23 30 48 29 40 50 
42 28 49 25 26 49 26 40 37 41 
46 39 37 30 44 39 38 49 29 31 
40 32 28 30 34 30 44 42 42 46 
32 39 27 27 28 32 44 42 26 25 
41 24 37 22 45 35 23 43 33 28 
41 46 50 20 44 47 44 34 49 27 
39 32 34 43 42 21 41 23 48 45 
43 28 25 47 48 31 20 45 23 38 
38 43 36 27 28 39 46 43 43 35 
26 39 50 45 34 32 45 44 39 50 
40 33 28 34 35 27 29 23 20 22 
36 27 21 43 43 32 22 47 47 27 
49 28 26 48 34 48 43 48 30 29 
45 23 36 39 28 22 46 23 36 20 
42 37 31 35 47 20 21 24 24 22 
25 45 41 41 26 48 44 38 26 26 
39 25 22 31 26 41 49 43 31 25 
40 43 40 35 31 37 42 39 28 40 
36 24 24 39 21 44 36 22 22 39 
34 40 50 20 50 33 33 32 46 22 
42 43 32 49 24 32 42 33 39 25 
25 25 45 37 45 23 43 48 48 40 
42 29 23 44 49 25 25 48 49 37 
48 30 22 49 38 37 27 30 29 33 
39 40 37 42 23 49 32 22 33 29 
35 44 39 30 35 48 20 31 48 41 
36 30 22 35 31 36 49 46 43 31 
28 50 20 23 26 49 31 24 25 34 
36 46 29 38 41 32 35 39 40 26 
23 27 26 25 39 46 27 36 31 36 
33 37 29 31 31 22 29 25 49 26 
34 47 29 22 28 29 20 38 48 48 
27 32 30 32 21 25 41 23 24 49 
46 48 47 49 35 46 45 34 38 48 
47 24 39 43 36 45 27 27 32 43 
28 23 21 31 32 40 22 44 46 29 
43 28 40 46 28 44 29 45 37 21 
23 29 37 49 32 50 34 44 33 20 
36 47 31 33 31 28 36 30 35 27 
50 35 46 37 44 26 20 45 26 38 
33 31 26 44 46 41 30 37 22 48 
24 34 29 25 45 50 43 32 28 28 
41 22 23 21 26 36 29 44 44 26 
31 41 44 39 25 36 47 46 38 24 
22 45 44 40 35 27 32 32 50 29 
43 37 30 29 20 38 21 23 26 47 
25 46 33 24 23 30 28 50 40 20 
46 48 21 47 23 41 38 32 44 46 
30 34 41 44 50 34 29 44 46 32 
34 34 32 39 26 36 39 32 36 32 
25 44 34 28 26 29 38 43 47 20 
20 45 30 36 26 42 29 40 44 22 
43 41 28 49 31 41 32 50 23 21 
47 21 33 43 32 22 42 41 46 44 
28 21 42 36 30 50 45 49 40 38 
41 28 48 24 34 49 47 43 38 21 
20 34 27 24 45 41 28 29 34 31 
40 21 33 46 32 28 42 41 48 37 
25 33 20 28 42 48 48 31 50 35 
46 26 42 31 41 38 20 37 25 49 
42 27 27 23 30 24 38 24 43 49 
37 21 42 33 46 50 47 42 45 42 
36 35 21 47 24 20 22 47 38 31 
35 36 40 23 20 20 50 39 35 35 
47 40 38 39 24 46 49 35 42 46 
31 32 25 26 49 37 30 29 21 26 
48 32 31 44 38 47 50 42 42 39 
47 48 35 39 49 40 35 50 35 47 
33 42 38 35 41 47 32 44 37 24 
41 46 22 46 23 48 30 31 26 44 
27 34 30 44 29 23 28 39 45 49 
40 47 23 43 32 32 33 24 38 33 
35 32 34 37 20 50 40 28 29 49 
50 20 39 42 45 28 32 37 32 21 
41 39 27 47 40 29 32 45 26 22 
43 44 44 37 39 21 26 44 41 26 
31 44 50 28 29 39 35 22 21 50 
38 31 46 36 31 20 49 36 21 23 
38 38 48 28 20 40 36 25 40 26 
37 43 27 35 28 24 40 40 41 50 
35 35 29 32 35 42 24 29 34 32 
40 37 50 27 46 48 21 45 46 38 
43 44 22 43 32 23 20 40 48 33 
20 21 39 47 33 31 38 23 42 50 
38 28 50 34 42 44 24 47 34 27 
27 21 36 36 22 23 25 38 21 42 
21 50 45 49 36 27 50 40 30 25 
33 49 40 20 38 38 28 34 28 44 
38 26 23 23 34 27 46 39 32 28 
39 41 31 31 44 20 50 39 21 44 
28 20 38 22 43 28 39 25 33 32 
34 33 41 26 29 40 39 46 40 29 
45 28 26 47 30 33 21 48 21 42 
32 39 20 33 21 21 41 26 31 31 
35 37 37 50 49 41 20 31 31 46 
27 36 28 23 36 33 21 29 50 48 
49 44 32 37 21 45 20 44 28 37 
44 36 28 39 32 49 45 29 45 42 
46 35 29 27 36 39 24 46 48 38 
40 42 44 40 39 34 25 26 25 46 
46 22 20 37 27 40 40 32 27 24 
40 38 31 30 31 20 30 21 32 20 
37 49 39 23 24 49 44 49 41 48 
32 34 40 35 43 45 31 31 26 32 
49 28 24 39 21 25 38 37 40 26 
26 45 42 25 21 42 43 46 25 22 
28 48 32 24 47 50 24 22 37 35 
47 20 25 47 26 45 39 48 42 26 
28 34 35 33 38 37 46 30 30 22 
40 25 22 23 31 22 24 45 31 30 
39 29 23 24 45 22 21 22 44 46 
40 47 33 46 32 41 46 24 44 27 
28 31 45 47 32 40 40 29 49 48 
24 44 50 50 35 38 37 30 31 50 
23 50 49 32 25 27 29 46 36 48 
22 32 28 49 39 44 45 49 45 23 
28 43 28 40 28 38 20 40 33 26 
34 44 24 43 25 22 26 39 45 43 
45 43 47 39 32 22 42 27 40 25 
38 50 29 39 44 27 20 35 29 41 
27 22 41 27 43 46 22 50 38 47 
30 25 29 20 44 22 21 26 32 40 
41 35 42 22 31 29 39 49 33 45 
41 46 35 22 33 37 38 41 36 41 
31 41 29 21 34 45 46 38 27 29 
49 32 50 29 30 31 31 44 27 29 
26 29 41 25 40 42 21 20 29 20 
40 23 32 28 42 32 40 49 35 48 
33 32 38 24 23 45 40 43 35 43 
40 22 21 50 20 23 20 37 24 21 
49 33 37 21 39 23 47 26 49 42 
21 46 28 36 37 49 49 31 21 27 
48 26 45 29 35 40 45 48 28 37 
28 20 28 48 22 45 20 45 36 21 
41 36 29 50 32 23 23 23 48 46 
44 34 21 46 44 38 44 41 38 27 
47 29 26 43 49 32 36 31 23 21 
32 47 37 31 44 24 31 36 31 21 
32 24 42 20 37 25 31 33 46 47 
25 25 47 48 45 37 26 28 30 50 
41 42 22 50 35 50 49 25 25 48 
44 24 25 42 38 48 22 43 48 28 
38 37 37 23 27 36 50 46 37 46 
43 24 30 29 22 30 22 20 22 49 
31 28 29 32 30 25 41 41 27 43 
26 23 42 26 43 22 31 41 21 31 
26 27 41 33 22 38 33 40 38 24 
29 23 26 29 29 20 23 45 26 27 
39 23 34 22 50 33 31 21 41 47 
25 34 48 21 38 49 46 48 42 44 
38 38 34 39 20 26 24 24 35 38 
25 29 25 34 47 27 40 50 40 47 
37 24 50 38 36 39 42 26 48 41 
30 29 26 20 22 47 33 38 28 39 
28 42 46 39 38 41 46 20 28 20 
44 43 31 30 50 25 25 41 45 47 
20 28 26 25 45 24 28 33 36 26 
36 23 36 32 41 48 32 46 40 40 
33 23 38 50 27 30 48 29 36 39 
44 50 33 50 41 23 36 22 29 26 
23 27 24 45 50 46 50 38 38 36 
34 36 30 33 39 34 21 48 34 49 
31 30 33 25 29 36 42 46 30 34 
38 26 20 41 21 21 39 47 37 34 
25 39 44 44 35 44 44 23 25 43 
35 30 21 36 23 30 39 46 46 50 
29 50 25 42 27 35 22 31 25 28 
23 41 39 31 43 24 44 38 46 41 
28 44 28 45 37 43 47 44 36 20 
25 38 22 46 45 44 34 48 45 42 
33 20 30 41 28 32 43 28 48 41 
28 28 33 23 39 42 30 48 28 24 
36 33 38 37 20 39 47 22 23 25 
26 38 39 31 20 38 22 28 48 27 
30 41 38 21 49 24 28 24 38 37 
37 20 33 50 35 37 39 50 22 44 
31 46 26 33 50 26 20 22 21 39 
29 25 25 47 39 47 47 35 30 22 
34 32 47 27 35 27 38 26 45 50 
49 36 28 29 29 47 33 28 42 46 
38 28 25 33 26 27 42 34 24 30 
40 40 28 29 43 31 28 26 35 22 
41 32 39 25 40 29 33 29 43 43 
35 49 50 36 29 40 20 29 21 34 
24 49 24 31 26 21 49 38 24 47 
49 24 37 43 23 37 38 50 24 28 
48 31 50 31 39 26 40 29 24 48 
35 42 44 29 36 30 38 45 25 24 
22 30 20 29 46 36 20 22 47 37 
31 20 50 30 42 36 39 26 37 28 
43 30 27 31 21 30 31 26 25 45 
39 35 27 47 33 30 41 29 44 26 
30 26 31 21 46 21 47 30 49 44 
22 28 41 22 31 50 24 26 45 43 
32 32 41 49 32 20 47 34 30 27 
24 48 22 32 21 31 34 25 46 48 
33 20 41 38 33 31 50 35 29 31 
44 22 40 40 21 49 20 32 28 24 
22 37 27 29 33 31 39 46 40 39 
23 24 20 23 47 40 46 35 45 42 
29 44 42 34 41 29 34 35 28 46 
33 28 41 20 25 42 48 27 41 33 
32 45 48 47 36 26 22 30 35 34 
29 41 32 38 49 32 38 24 43 48 
20 28 39 21 42 28 50 28 27 31 
23 48 47 44 26 44 45 45 38 43 
25 24 50 40 34 38 50 25 25 40 
44 37 37 30 41 32 30 23 40 39 
28 46 44 22 40 39 32 29 33 32 
34 34 48 49 32 35 42 38 32 24 
23 29 23 39 25 42 44 48 47 26 
34 43 47 35 36 49 35 24 21 45 
32 34 32 33 49 43 33 21 30 27 
31 34 24 45 26 46 30 21 31 40 
46 38 32 33 34 27 26 25 35 37 
49 27 46 20 37 27 26 34 41 22 
42 46 31 23 47 28 47 20 21 43 
44 46 20 24 29 37 32 47 36 20 
48 21 48 33 30 41 49 41 31 25 
49 46 21 31 25 32 33 40 34 36 
32 45 41 40 20 41 21 49 42 31 
45 45 41 42 24 47 35 30 39 26 
28 43 50 45 26 46 47 49 21 35 
28 47 23 39 24 48 20 28 28 23 
35 28 30 35 46 34 29 33 39 20 
21 37 40 37 37 29 40 34 22 44 
21 50 22 40 44 24 49 40 35 30 
21 42 40 20 46 20 48 45 24 27 
33 39 35 41 41 46 25 48 24 30 
37 34 25 46 25 49 35 33 34 29 
44 31 45 27 32 20 23 23 30 33 
41 26 49 45 43 41 40 50 33 30 
21 39 42 22 28 21 46 43 24 24 
35 20 33 48 34 46 36 46 20 31 
25 25 33 21 36 38 37 41 25 39 
43 47 25 42 28 43 42 20 28 49 
23 34 32 23 23 43 49 31 48 25 
23 36 23 42 39 40 36 40 20 26 
22 37 44 25 23 36 25 36 34 37 
24 41 36 35 34 37 30 20 23 47 
34 33 30 23 23 49 29 46 22 31 
39 37 42 24 44 22 22 45 40 45 
46 44 30 42 48 45 47 39 35 49 
49 41 29 31 31 36 30 48 50 24 
32 20 49 42 44 21 32 39 36 26 
24 29 43 35 41 25 44 42 46 35 
47 22 44 20 35 34 33 39 41 44 
28 50 32 28 24 26 39 21 44 38 
44 25 49 25 34 29 35 32 48 46 
49 20 49 35 45 20 33 29 23 37 
42 48 48 40 40 28 24 24 46 23 
50 35 47 49 50 37 35 33 21 29 
34 27 21 41 22 33 35 30 45 37 
31 25 43 46 23 35 32 28 43 36 
49 49 47 44 23 20 33 39 31 26 
22 42 39 50 36 29 32 33 20 46 
38 21 42 43 29 32 33 25 27 28 
23 27 32 31 25 22 22 23 29 38 
25 29 50 39 28 40 49 32 27 49 
46 40 20 44 31 50 30 32 45 36 
45 24 34 50 33 35 37 22 25 34 
40 44 46 20 45 26 20 28 47 50 
31 33 28 20 24 30 23 39 36 21 
50 32 29 28 32 31 33 37 49 47 
39 39 48 48 20 22 28 40 28 35 
27 33 35 49 34 36 27 43 20 44 
46 32 41 34 22 26 21 20 32 32 
25 28 46 38 31 34 46 35 31 47 
50 45 50 20 45 39 40 38 24 23 
32 31 20 44 21 39 24 42 21 25 
39 48 43 27 21 46 22 44 36 25 
34 39 46 42 27 29 31 39 21 43 
24 38 34 27 47 26 46 38 42 24 
44 44 32 29 49 34 25 29 31 39 
38 25 50 49 26 49 23 37 39 43 
45 32 30 29 35 32 32 31 20 44 
38 24 33 49 36 22 46 30 23 50 
26 24 29 39 20 35 41 34 37 42 
20 34 46 23 23 23 22 33 38 30 
26 49 43 26 37 29 32 37 29 21 
36 33 37 25 39 43 44 21 50 36 
38 49 45 21 29 26 39 50 38 26 
27 48 43 43 44 22 48 33 25 30 
30 32 42 47 23 26 38 25 26 42 
24 44 30 28 24 29 35 24 44 44 
43 37 21 36 22 32 20 34 20 22 
40 43 47 41 41 34 20 47 46 26 
21 40 26 39 27 36 39 41 33 31 
50 31 45 42 26 22 35 41 20 44 
31 37 25 29 29 30 44 35 33 42 
46 38 25 24 31 31 32 34 45 27 
37 22 31 20 39 41 34 20 44 30 
30 41 36 38 30 24 20 29 25 38 
30 33 45 25 23 35 29 20 49 37 
42 45 38 28 22 34 49 32 22 25 
38 38 49 28 25 32 49 26 39 50 
21 23 33 20 40 44 36 42 32 47 
24 49 39 38 43 43 43 27 22 34 
26 31 37 48 41 39 33 36 33 41 
49 20 33 48 44 38 34 43 40 26 
38 26 40 33 48 46 23 35 26 24 
43 38 48 24 21 38 40 39 49 24 
47 23 23 21 43 26 47 25 49 24 
41 26 40 38 24 40 46 36 38 44 
25 48 36 35 47 31 47 23 31 41 
32 37 50 44 25 33 43 42 35 26 
43 29 49 22 37 41 41 26 25 21 
21 32 29 50 42 50 38 50 48 29 
38 46 47 46 36 34 20 25 47 36 
45 36 45 34 35 20 28 39 41 28 
24 33 21 21 37 48 49 45 20 25 
33 33 46 39 27 46 29 34 30 27 
28 29 21 44 27 42 43 38 36 40 
26 48 35 27 43 32 43 23 50 45 
42 33 40 21 50 22 24 44 50 23 
48 49 25 21 27 36 34 22 27 35 
24 21 50 48 49 37 33 49 22 43 
32 38 34 31 43 40 33 41 23 44 
50 24 37 37 23 22 49 42 21 26 
26 49 45 26 48 39 44 44 43 38 
48 37 34 42 42 50 31 40 40 21 
24 37 35 45 20 37 31 38 23 42 
46 28 24 41 28 46 42 48 37 20 
31 34 31 26 32 20 34 28 25 23 
20 44 40 33 38 34 48 27 25 46 
48 43 29 48 49 31 40 31 32 46 
32 32 25 39 47 35 35 23 42 31 
48 43 26 30 34 23 39 32 24 35 
24 46 49 44 35 23 29 44 21 48 
29 47 37 40 46 36 38 34 37 23 
37 29 45 24 46 33 47 29 44 36 
25 25 32 34 26 50 39 33 29 46 
21 20 25 26 30 47 33 32 41 34 
33 49 36 36 35 43 32 32 20 39 
37 38 27 23 25 30 22 47 30 49 
28 40 31 41 28 24 47 34 26 35 
39 33 21 36 42 47 39 49 40 40 
24 38 48 29 21 24 44 25 38 41 
39 28 29 35 23 44 27 42 38 32 
20 27 45 41 40 41 43 25 46 27 
47 20 47 43 31 35 38 21 43 46 
27 44 25 41 46 40 34 50 41 22 
31 44 25 21 43 49 44 32 40 33 
34 49 37 49 43 41 31 21 50 25 
32 49 48 31 22 47 26 50 50 35 
50 24 29 39 45 41 46 26 30 43 
35 45 45 42 42 35 50 24 34 44 
28 35 21 23 50 22 47 46 47 35 
48 40 21 47 22 37 49 46 39 50 
23 44 47 20 36 44 27 28 47 28 
49 50 48 31 40 48 31 30 33 39 
22 29 50 48 30 36 23 34 49 47 
29 20 35 45 50 43 45 28 30 42 
44 26 39 30 27 28 28 40 30 42 
45 28 31 39 25 35 40 29 28 44 
44 22 46 37 46 46 25 45 49 21 
45 33 49 50 34 48 44 46 34 46 
35 27 34 33 23 47 43 45 23 48 
35 34 29 38 28 36 23 31 26 21 
20 21 48 46 45 41 38 45 49 30 
36 47 50 31 26 37 26 46 44 28 
32 24 43 32 26 50 29 37 25 40 
35 37 50 38 42 43 44 48 38 27 
38 38 50 46 28 46 41 30 24 33 
26 21 48 50 44 34 25 24 47 29 
24 49 39 40 30 24 36 45 38 26 
33 42 36 42 47 37 22 43 50 47 
46 47 31 25 40 42 24 45 43 45 
37 24 31 24 21 28 30 33 42 38 
31 38 28 21 38 32 41 28 23 43 
36 32 41 23 23 21 40 33 29 27 
43 36 20 36 37 23 42 35 30 27 
46 30 48 36 21 50 31 27 47 48 
29 40 44 21 40 23 38 27 39 49 
22 43 26 31 27 20 47 45 37 20 
27 43 20 36 42 39 40 22 43 22 
21 50 45 40 32 31 33 41 40 30 
29 41 27 26 46 36 45 45 22 20 
33 22 46 36 30 50 48 42 25 37 
37 41 42 39 21 39 38 47 34 49 
39 41 34 28 31 24 23 35 26 28 
38 28 30 37 48 28 34 48 44 35 
39 43 37 38 20 26 24 30 33 42 
22 30 34 49 27 29 35 45 20 33 
22 31 22 26 48 48 47 44 44 24 
33 45 24 38 29 44 49 35 43 45 
41 35 20 43 20 38 32 38 45 50 
36 29 47 33 35 42 25 21 21 49 
43 23 26 35 49 24 41 20 49 49 
44 37 44 45 48 46 21 36 29 40 
30 45 25 39 25 33 20 43 29 50 
36 42 25 34 47 29 35 38 29 20 
32 39 38 29 28 31 40 35 24 26 
42 50 36 29 29 22 35 31 44 26 
25 42 39 38 37 32 23 40 43 43 
29 20 42 30 27 25 27 28 24 37 
34 48 31 26 39 29 35 34 21 22 
47 33 49 45 23 47 35 41 39 37 
44 21 37 21 30 49 33 24 24 31 
30 45 44 50 28 47 39 33 44 47 
31 49 40 29 46 40 35 42 23 49 
22 28 34 35 39 25 21 33 42 46 
27 24 36 22 48 24 20 37 20 25 
30 33 36 43 33 41 48 48 41 47 
21 35 23 22 33 47 36 28 31 30 
21 28 23 21 37 49 41 32 48 40 
48 32 34 29 31 24 21 49 29 35 
30 50 25 49 44 46 50 34 36 48 
30 38 43 26 31 30 37 29 50 48 
38 35 50 20 23 48 27 38 34 32 
20 46 32 32 29 40 39 20 41 32 
23 32 24 50 40 29 24 50 50 36 
29 21 29 30 21 20 41 43 44 24 
48 38 46 24 42 25 22 41 27 26 
40 44 25 20 41 35 36 45 46 45 
20 45 37 25 20 38 39 42 30 42 
28 31 34 20 23 43 37 31 45 27 
29 21 29 46 43 41 27 24 21 43 
43 25 49 34 30 42 44 50 50 32 
33 44 26 50 47 22 32 20 44 36 
28 39 26 50 42 23 25 32 34 20 
31 42 32 36 47 31 36 31 32 38 
24 21 47 48 37 35 22 34 31 31 
39 45 39 22 32 20 40 44 40 29 
38 30 35 43 32 22 30 39 25 41 
20 23 45 47 36 24 20 50 31 24 
20 27 34 50 28 28 31 25 30 28 
40 50 45 30 21 27 41 37 43 50 
25 23 34 35 22 31 40 43 34 49 
48 21 28 46 20 32 42 20 49 45 
42 45 26 45 24 42 25 50 21 33 
33 34 41 34 40 50 37 48 32 27 
45 46 22 42 31 43 29 50 50 44 
39 33 30 25 39 39 40 41 47 34 
39 43 26 50 47 39 26 22 35 47 
39 30 21 30 49 50 21 24 42 23 
41 37 27 41 22 46 42 29 33 45 
26 39 35 44 48 29 47 27 25 29 
24 33 46 40 30 27 46 31 33 31 
41 35 23 40 27 33 26 45 42 50 
34 41 22 50 35 22 34 31 35 22 
26 20 33 32 26 39 22 41 24 32 
29 28 50 23 33 25 26 49 35 44 
28 21 47 50 31 40 30 44 48 32 
37 32 48 21 35 50 41 33 34 40 
50 21 28 46 32 31 36 32 41 22 
30 46 22 33 44 25 30 39 48 27 
23 26 50 29 34 22 46 49 37 47 
34 48 30 48 41 25 40 26 45 46 
34 48 31 21 39 25 26 25 22 34 
35 22 23 34 45 31 44 20 47 22 
49 22 50 31 34 22 25 43 27 25 
28 21 34 23 20 46 23 34 47 39 
40 31 35 35 28 25 42 40 31 29 
25 47 32 49 21 33 33 29 28 20 
35 22 23 38 46 47 22 21 44 49 
45 43 36 47 29 29 36 43 33 44 
32 40 37 48 33 33 39 46 36 26 
30 36 47 22 49 29 45 34 34 29 
26 30 31 20 33 24 31 33 31 25 
47 26 40 33 42 48 22 26 25 31 
45 22 25 38 28 29 47 34 22 21 
32 28 47 42 24 44 31 37 20 36 
40 31 42 39 44 41 26 48 46 35 
28 37 34 26 40 38 24 43 22 46 
26 49 44 47 34 28 32 27 34 30 
38 39 40 26 29 40 48 40 20 50 
22 37 33 23 39 41 23 42 38 39 
36 50 33 45 28 29 48 30 22 24 
31 33 43 41 27 41 24 22 46 48 
23 41 41 28 35 33 34 44 23 29 
41 39 44 43 34 46 43 48 41 35 
42 30 29 28 33 42 46 41 43 20 
29 33 48 29 33 37 27 28 47 39 
20 46 29 29 39 31 47 44 31 37 
39 42 36 47 41 24 20 34 39 49 
32 47 43 41 30 46 48 25 37 31 
47 32 48 25 28 39 29 25 28 36 
31 25 37 36 40 22 46 38 45 50 
46 39 46 38 33 31 48 41 45 46 
34 25 42 26 36 34 30 42 27 40 
33 22 40 28 47 34 26 39 41 22 
29 32 35 34 23 48 27 25 35 33 
31 40 47 35 43 36 22 35 23 20 
22 48 25 27 43 29 25 22 27 49 
49 47 30 42 42 29 36 45 35 28 
48 42 33 30 24 48 31 33 47 29 
21 20 30 38 23 39 37 32 50 36 
32 49 27 33 37 42 35 49 49 40 
23 44 46 35 29 21 28 25 45 41 
35 31 41 40 23 32 31 42 38 34 
22 27 31 32 29 30 46 39 20 46 
31 37 33 45 22 43 47 33 40 37 
21 39 36 38 45 29 31 34 50 26 
36 42 38 24 27 25 20 20 44 21 
49 24 41 34 44 23 29 25 30 33 
39 50 48 42 27 40 33 50 24 34 
25 30 35 44 23 20 50 42 47 40 
43 35 50 50 44 39 22 28 21 48 
30 44 22 38 26 44 36 41 35 38 
34 36 44 45 33 38 35 33 38 29 
39 25 49 41 49 26 27 27 38 45 
33 45 39 44 48 44 38 36 47 37 
25 48 47 50 29 21 49 46 27 34 
20 39 32 33 26 43 33 36 36 30 
38 50 39 30 44 27 22 44 23 46 
24 23 33 28 23 31 44 26 33 26 
26 50 26 46 39 49 32 30 31 43 
36 38 36 33 48 30 24 29 27 37 
20 47 39 48 20 49 39 40 38 26 
42 44 27 41 34 23 30 25 49 20 
36 30 33 24 46 38 29 47 20 33 
48 44 43 42 25 43 33 35 26 22 
32 36 41 38 29 48 28 43 37 25 
21 33 38 36 22 38 34 48 42 45 
28 30 38 36 40 31 22 27 26 39 
21 38 30 35 29 21 44 42 25 22 
35 39 38 30 38 28 41 30 37 25 
30 30 46 34 48 26 43 32 20 47 
45 31 39 22 42 39 39 43 23 43 
35 43 42 44 36 27 23 34 45 27 
38 33 46 24 20 36 49 43 34 47 
42 34 28 42 23 34 35 46 22 28 
30 38 20 40 45 42 21 22 36 24 
30 25 33 41 24 27 48 30 44 45 
48 41 36 22 23 24 29 22 29 49 
38 28 22 45 34 20 31 28 30 25 
44 20 20 42 38 37 38 38 37 37 
26 37 49 35 47 34 25 50 40 20 
20 23 45 34 43 49 25 33 48 40 
27 49 50 29 43 21 49 25 39 35 
30 27 37 41 47 46 50 23 49 21 
23 44 50 37 33 31 46 47 23 25 
46 50 40 30 38 50 41 42 49 20 
32 42 21 23 32 21 44 36 27 48 
26 24 46 46 28 21 46 37 28 38 
26 28 50 22 43 23 41 45 48 41 
34 45 21 47 22 44 26 22 46 25 
26 31 32 45 22 21 34 31 31 44 
31 30 29 36 40 38 42 21 31 36 
30 23 41 47 35 36 31 28 30 23 
48 47 37 39 33 37 24 24 20 44 
44 49 37 32 23 39 20 33 27 32 
27 27 23 37 32 33 44 40 26 41 
39 47 23 33 50 34 42 33 36 24 
34 37 24 26 22 22 44 26 36 39 
40 39 31 23 48 47 35 47 21 36 
34 22 22 28 39 22 30 47 25 43 
24 33 23 44 24 37 39 28 47 21 
44 28 27 43 37 27 22 38 40 38 
21 37 49 20 47 20 27 46 21 23 
34 40 21 20 29 38 48 36 38 26 
22 39 38 21 29 42 38 30 22 49 
30 50 22 22 37 50 26 50 20 48 
27 42 49 26 31 22 24 34 37 36 
32 48 48 34 44 25 44 46 27 20 
50 33 24 29 27 38 47 42 20 34 
24 29 40 40 29 45 35 27 27 23 
50 37 21 39 35 22 29 46 30 27 
26 43 46 23 39 45 28 49 23 20 
37 41 49 45 38 35 48 44 31 45 
31 36 23 48 26 33 25 20 37 41 
42 49 24 42 32 43 45 49 48 22 
26 26 32 31 46 26 44 20 48 31 
28 47 34 49 41 39 30 33 28 33 
25 40 45 22 32 44 29 40 39 33 
39 48 23 36 23 44 23 32 35 24 
47 40 25 31 41 29 29 33 40 25 
32 39 24 48 20 43 34 50 23 37 
25 34 26 39 31 21 44 24 40 40 
41 39 42 49 44 21 40 31 28 32 
47 39 27 24 21 30 36 36 39 45 
38 29 36 46 27 36 31 26 46 32 
41 33 38 43 41 41 48 28 40 24 
36 48 40 26 29 44 40 39 20 40 
30 34 42 30 39 43 35 20 45 29 
27 31 49 44 30 41 20 40 38 36 
26 21 45 46 47 25 43 40 27 25 
40 48 46 32 24 41 44 43 27 21 
31 48 41 25 31 39 42 22 35 45 
30 20 22 42 24 20 35 44 48 39 
40 26 20 49 37 31 40 35 20 30 
46 50 26 37 33 46 27 26 50 42 
42 43 48 34 47 44 26 38 29 41 
48 25 26 26 35 29 39 23 26 22 
24 32 49 35 36 27 25 34 46 31 
33 40 41 50 22 30 49 24 27 30 
48 40 41 39 26 33 21 20 21 48 
23 26 28 23 24 43 49 36 42 40 
34 40 23 44 35 30 33 23 48 28 
30 35 24 36 26 50 39 36 32 46 
27 44 41 42 46 20 22 22 26 35 
32 25 20 26 41 33 45 45 50 48 
45 40 44 41 44 47 37 24 37 38 
42 50 34 42 24 50 49 41 23 41 
35 31 26 23 22 28 45 39 28 48 
50 26 40 29 45 28 35 50 26 24 
44 39 49 32 35 23 34 47 47 33 
40 49 45 25 37 47 46 38 46 48 
40 22 33 37 31 45 42 27 44 36 
20 49 30 40 48 41 50 30 45 38 
43 31 29 41 49 39 37 36 24 39 
38 50 26 31 42 48 38 44 36 43 
27 23 47 44 23 35 22 47 32 46 
46 20 35 50 20 42 42 26 20 23 
42 39 21 48 21 46 23 41 40 30 
45 37 42 21 21 32 38 39 26 48 
50 41 29 45 23 48 24 48 29 41 
32 39 24 24 32 23 29 43 39 23 
22 28 48 36 43 26 38 24 24 35 
47 50 32 50 36 40 36 34 24 33 
25 40 47 28 37 44 49 29 45 29 
23 22 27 27 29 38 49 20 43 48 
31 40 21 48 23 30 28 26 49 26 
47 26 39 40 21 25 44 49 41 37 
26 23 20 48 37 35 48 27 36 28 
41 25 31 27 26 47 40 26 25 27 
50 33 22 46 41 27 42 49 39 37 
40 24 24 20 45 34 44 44 45 21 
35 33 34 27 35 34 21 38 33 46 
26 25 33 32 43 26 21 30 49 49 
29 48 46 42 32 42 46 27 38 38 
45 36 20 37 23 45 43 27 42 45 
46 20 38 35 43 31 29 46 42 34 
33 24 42 40 23 45 27 35 37 27 
34 37 31 25 24 29 28 42 30 50 
47 28 40 26 29 45 32 47 24 40 
34 36 32 33 40 34 43 50 34 24 
48 50 43 43 39 41 20 46 31 40 
20 23 22 38 25 21 24 44 25 44 
34 42 31 48 29 29 27 50 20 42 
22 36 24 45 25 20 34 35 42 21 
45 29 49 27 33 39 44 46 48 31 
31 40 24 41 26 39 35 25 33 31 
38 35 38 50 41 20 40 23 22 29 
32 29 38 50 36 21 47 41 41 29 
33 43 47 32 29 48 27 29 20 43 
44 44 48 45 20 35 32 25 43 44 
29 49 33 22 39 20 27 29 44 22 
29 38 30 40 39 21 39 48 29 42 
43 31 23 25 37 39 27 34 50 33 
26 30 36 27 40 35 40 30 24 41 
21 33 38 27 41 34 46 47 20 43 
31 50 36 41 40 26 42 33 21 33 
22 23 33 46 25 32 32 27 30 28 
22 37 22 44 41 44 41 43 49 36 
49 43 26 34 46 44 20 43 48 29 
35 48 22 41 29 39 39 42 49 27 
28 45 38 50 27 22 26 45 24 48 
40 32 34 20 46 30 38 29 39 33 
47 48 48 23 34 38 43 34 20 34 
20 47 24 34 43 42 48 42 37 33 
32 34 50 29 42 28 29 31 28 33 
22 36 29 27 42 37 34 37 38 46 
34 20 24 34 30 34 28 28 31 42 
27 38 41 34 40 28 29 48 44 44 
45 46 33 40 34 23 30 45 21 33 
45 42 42 47 28 35 40 30 21 34 
46 46 30 23 29 47 28 37 32 21 
45 35 46 40 36 35 23 36 29 46 
42 23 32 25 46 47 43 24 20 36 
26 41 26 28 27 23 27 40 43 36 
32 24 44 50 28 47 49 38 37 43 
39 29 23 25 20 45 38 23 28 24 
36 27 28 48 29 27 50 39 42 49 
26 21 23 24 40 37 20 30 26 26 
41 42 37 30 35 20 48 29 37 32 
49 43 29 22 24 38 25 48 48 24 
24 28 33 32 27 37 26 38 33 25 
36 48 26 50 20 34 44 27 45 37 
33 26 42 46 41 49 41 43 32 47 
34 24 32 41 38 47 43 22 37 23 
45 21 30 22 39 21 23 26 24 47 
45 48 36 39 37 35 27 41 39 29 
30 40 37 37 43 33 50 35 42 37 
27 42 21 40 45 29 48 32 38 36 
50 20 46 42 23 24 31 20 32 27 
25 39 41 37 47 27 43 42 44 48 
42 37 37 23 26 45 39 35 37 33 
37 45 25 31 46 42 39 34 42 28 
24 47 41 26 39 49 45 40 34 42 
22 22 29 37 47 35 48 50 38 37 
46 26 35 24 36 39 29 38 28 31 
24 20 41 22 24 27 29 20 24 33 
47 45 27 45 45 41 37 30 29 32 
22 25 49 49 29 33 34 37 23 21 
22 28 33 37 48 33 28 48 48 30 
49 32 27 47 22 49 49 31 42 49 
32 42 35 27 47 20 47 32 24 28 
34 48 32 50 27 23 24 28 20 43 
23 47 26 45 22 46 48 45 26 27 
47 21 26 46 33 40 34 38 32 41 
34 36 43 23 50 42 48 34 38 38 
46 44 26 28 28 41 37 20 50 28 
25 38 28 20 44 41 22 23 22 36 
45 23 46 28 20 22 26 46 39 46 
29 21 42 34 35 50 40 44 29 41 
45 20 20 32 37 46 42 46 39 28 
39 42 43 30 29 26 50 43 24 20 
49 36 41 32 28 21 46 40 47 25 
29 37 35 45 33 20 37 26 21 23 
21 50 44 44 28 35 46 48 39 20 
20 24 44 30 30 36 28 33 32 32 
29 27 43 32 31 24 48 29 42 48 
41 37 43 49 29 33 49 34 40 22 
34 33 37 24 28 41 32 24 22 49 
44 41 40 44 23 26 27 50 26 43 
43 50 50 50 42 42 26 48 38 46 
28 50 22 46 29 39 28 44 22 42 
21 40 47 32 35 47 36 26 21 37 
27 38 41 29 32 43 49 49 45 44 
23 36 21 27 38 40 24 25 21 49 
25 27 50 35 33 42 26 29 32 22 
22 34 42 25 45 20 24 25 23 43 
37 28 30 24 26 44 50 30 32 20 
47 28 25 44 41 34 41 47 37 21 
33 30 40 34 38 32 46 25 45 24 
24 25 27 33 28 38 47 47 35 35 
47 37 22 38 28 35 27 42 35 41 
35 21 45 22 22 26 48 49 23 22 
47 32 25 44 25 40 38 23 45 27 
33 20 28 44 35 25 33 32 21 24 
46 27 37 22 31 27 21 49 28 46 
23 37 42 29 40 20 27 28 44 21 
44 21 24 46 33 49 30 37 27 29 
40 39 23 35 22 21 30 33 21 43 
50 45 40 32 27 44 38 35 48 43 
28 43 23 47 33 26 37 26 32 20 
24 37 23 33 42 37 38 29 34 38 
20 25 22 34 41 20 35 22 23 22 
49 41 45 43 27 20 43 22 33 47 
40 26 30 39 44 40 38 36 34 23 
35 30 44 20 49 47 49 45 31 26 
46 38 21 26 41 49 25 36 29 24 
34 22 26 22 47 36 25 28 40 44 
23 35 41 22 32 33 36 30 28 21 
44 28 39 30 45 32 43 45 25 26 
44 32 33 37 47 27 32 50 23 28 
44 25 28 39 32 31 44 38 21 37 
49 41 42 41 30 50 32 44 35 44 
36 30 23 24 24 22 49 21 34 40 
50 30 40 34 25 48 36 31 26 50 
40 28 45 36 48 20 44 33 41 46 
35 34 41 50 45 27 28 47 32 32 
33 29 42 20 23 37 21 34 27 25 
49 23 34 43 42 21 27 24 31 33 
25 29 30 38 26 33 45 47 25 31 
34 41 37 50 36 49 44 46 45 33 
46 50 25 47 42 34 22 43 46 48 
36 35 39 50 25 46 30 44 42 29 
27 28 47 44 34 45 41 35 24 24 
45 36 41 23 43 22 27 45 35 25 
45 30 23 38 32 21 20 31 27 41 
41 42 30 41 36 20 35 50 24 50 
29 40 45 20 30 27 48 34 40 29 
35 41 39 30 40 41 44 47 25 27 
29 28 20 25 48 38 39 45 32 24 
35 24 30 36 24 47 23 38 30 28 
33 37 44 31 44 42 39 32 49 47 
42 30 39 29 32 35 50 36 44 26 
37 21 24 49 31 42 32 39 34 38 
28 33 39 45 25 37 23 46 26 24 
39 29 33 47 46 29 40 49 33 25 
47 20 39 22 46 49 26 50 26 42 
35 38 40 47 39 31 41 27 45 21 
36 39 30 21 28 22 23 29 22 34 
34 30 33 43 47 32 35 37 45 27 
26 26 44 31 41 42 22 47 23 48 
25 50 46 22 46 32 38 24 41 40 
32 26 42 35 23 36 29 37 25 21 
28 41 49 34 27 20 44 40 36 26 
48 40 25 41 27 28 40 33 48 34 
29 39 27 25 44 41 31 29 23 20 
49 40 36 27 50 24 26 24 48 49 
38 35 31 37 46 22 31 39 20 25 
34 35 39 49 20 23 46 50 46 43 
23 28 37 22 35 28 48 34 30 40 
20 40 38 41 36 20 41 32 44 20 
28 32 32 36 37 20 33 24 50 49 
23 37 45 38 32 49 28 37 26 21 
39 38 36 37 25 20 44 20 26 40 
43 45 21 33 28 21 30 42 20 37 
49 47 46 25 25 35 28 41 23 43 
29 34 43 21 42 39 38 33 47 35 
40 28 49 44 25 23 45 40 20 31 
36 31 31 46 44 38 49 20 45 29 
43 39 39 45 41 38 38 37 36 50 
29 50 20 23 22 33 31 47 21 22 
44 40 45 32 40 48 22 21 37 24 
26 33 40 25 40 40 39 46 41 36 
30 20 22 40 22 42 27 45 40 37 
44 29 37 34 36 23 29 33 31 41 
38 43 48 43 50 40 34 29 24 43 
28 33 39 47 34 38 46 50 31 33 
29 47 42 28 26 46 21 45 35 28 
32 32 40 25 46 50 36 37 21 21 
39 33 48 36 48 48 23 36 22 44 
47 50 40 28 23 24 44 49 20 38 
33 26 34 45 39 32 43 27 39 45 
43 31 50 21 27 33 27 47 47 33 
41 40 22 42 28 23 49 33 33 49 
39 43 50 38 25 42 24 31 21 42 
50 46 32 43 27 28 31 43 24 42 
47 22 31 31 46 39 39 36 41 26 
36 32 31 42 39 42 20 43 40 40 
37 46 29 50 35 49 47 28 31 23 
30 44 22 49 49 50 44 25 42 50 
23 30 43 20 29 20 47 32 49 38 
24 32 36 48 27 39 38 32 33 31 
33 40 41 27 33 25 33 36 21 42 
47 21 43 48 24 31 39 41 38 42 
34 49 21 36 30 25 25 48 42 33 
25 45 39 25 36 50 23 37 31 43 
38 33 47 49 34 50 21 36 40 46 
45 28 41 49 33 21 29 36 45 46 
48 34 42 35 49 27 39 26 45 41 
35 43 50 25 41 21 22 36 36 33 
28 47 27 45 21 22 27 25 43 23 
25 35 48 31 39 30 23 30 32 33 
47 43 28 49 29 28 21 21 29 31 
29 40 44 41 29 28 35 28 34 50 
28 46 45 48 40 38 37 22 24 31 
48 27 38 43 27 36 23 41 29 50 
28 36 43 40 46 20 26 43 38 22 
45 50 21 33 49 31 41 42 34 50 
20 23 50 29 24 27 21 49 37 40 
35 50 30 27 33 46 20 39 35 43 
29 29 45 50 44 33 38 37 26 24 
22 30 27 35 35 34 34 40 39 30 
41 33 35 33 26 47 50 40 41 34 
28 45 40 48 37 32 41 24 33 24 
34 21 26 41 39 31 49 22 34 33 
46 46 45 49 27 20 28 29 21 28 
26 44 49 44 20 27 28 41 42 47 
30 40 26 23 33 40 42 37 32 28 
24 49 28 46 25 24 40 48 48 34 
42 47 26 46 41 21 29 36 26 48 
39 30 23 24 38 35 21 33 38 28 
50 20 42 35 29 41 37 23 24 40 
31 28 41 23 27 21 36 25 34 25 
40 42 37 44 47 42 46 44 31 35 
24 38 21 21 50 32 43 34 28 40 
36 46 47 42 46 48 24 46 50 42 
32 25 25 50 33 29 36 34 42 41 
39 33 27 30 27 37 25 27 40 34 
23 32 41 48 50 22 34 28 34 39 
23 27 35 36 34 49 39 40 38 32 
22 39 38 41 22 34 24 47 44 44 
32 49 26 39 31 28 37 23 22 28 
21 28 50 20 31 47 40 35 38 37 
30 34 34 20 25 37 23 39 28 42 
50 42 48 32 47 35 35 29 32 21 
27 39 34 26 27 26 43 48 30 39 
49 39 31 20 36 25 38 35 27 47 
24 49 35 27 21 31 32 41 29 47 
22 43 40 36 35 50 25 37 45 20 
23 31 33 30 38 42 37 35 41 24 
34 46 22 23 38 27 23 39 20 36 
34 47 28 26 50 29 35 38 37 31 
46 46 39 22 33 41 40 23 28 28 
27 41 48 41 47 49 21 30 40 29 
40 41 37 47 43 35 48 24 38 25 
35 37 28 25 41 49 25 20 42 30 
38 38 33 39 38 24 40 46 39 25 
43 29 38 40 46 42 31 33 49 22 
25 24 46 23 38 50 39 49 39 38 
20 46 43 43 31 31 29 35 24 21 
21 23 47 47 41 27 21 44 40 47 
22 37 34 22 28 42 38 42 45 46 
38 47 48 22 36 50 31 25 29 21 
30 30 43 26 40 22 21 37 37 25 
36 43 32 34 29 31 27 32 49 29 
43 21 24 31 44 22 36 43 47 48 
25 41 29 47 41 48 37 27 41 35 
34 23 37 27 35 46 31 21 29 34 
42 41 50 26 48 20 32 42 38 44 
43 40 34 27 30 32 36 44 30 22 
39 27 39 41 22 41 48 20 44 48 
29 44 41 49 49 22 48 50 44 48 
40 22 22 31 26 49 20 46 39 21 
41 48 29 49 24 21 30 47 43 43 
23 41 48 48 50 38 49 25 42 32 
31 23 46 32 43 46 49 32 35 28 
46 43 35 30 39 39 42 28 35 36 
33 27 49 36 20 47 40 27 35 49 
23 49 25 25 33 38 34 42 22 35 
34 49 28 41 35 38 38 27 49 50 
34 29 29 37 28 47 42 24 40 26 
44 41 38 48 50 20 48 27 35 50 
45 29 50 42 20 29 30 24 25 30 
29 30 45 30 41 30 47 32 43 34 
28 41 34 45 39 26 44 43 41 32 
42 37 31 38 25 34 43 36 37 36 
35 50 46 37 33 39 22 31 43 43 
48 50 21 22 35 29 34 32 31 48 
22 40 25 45 39 20 44 20 24 39 
36 39 38 32 47 44 44 40 49 32 
22 23 41 30 28 24 30 45 45 23 
34 38 27 46 45 23 41 36 31 25 
44 39 21 29 38 41 20 25 29 31 
21 39 37 35 35 26 24 33 38 27 
21 21 23 40 23 49 28 44 24 36 
27 33 27 25 22 37 34 23 21 45 
49 49 47 47 27 43 20 41 28 20 
45 43 48 20 28 50 46 34 50 48 
25 47 24 28 42 35 41 43 35 49 
38 20 25 25 30 20 31 44 44 39 
44 24 30 21 28 44 48 43 35 23 
50 41 35 41 31 21 41 30 20 26 
50 45 32 28 37 23 49 31 46 42 
50 33 46 32 26 35 29 47 31 25 
29 33 34 46 43 49 44 22 35 32 
46 38 39 45 50 27 27 41 29 48 
34 43 38 28 48 32 24 33 37 39 
30 43 21 40 30 47 28 23 47 50 
20 37 28 24 26 32 27 20 37 47 
47 44 30 21 49 50 45 47 41 23 
37 26 25 45 29 25 43 28 36 27 
32 37 37 22 25 39 29 38 49 44 
46 47 25 39 42 44 46 21 35 34 
34 38 36 42 30 20 45 49 23 44 
21 39 39 23 22 34 24 24 29 20 
39 21 48 44 38 49 37 27 24 28 
29 34 42 35 32 25 31 25 23 40 
38 28 43 35 45 41 26 36 48 43 
48 42 22 23 49 20 45 25 44 27 
36 48 46 44 32 38 20 44 45 47 
46 35 31 22 28 29 27 22 25 28 
41 50 37 44 22 28 50 44 29 37 
30 40 48 26 23 28 36 50 22 41 
39 20 27 22 26 46 31 43 26 24 
22 48 49 27 44 36 44 27 31 25 
48 43 46 31 38 44 48 43 45 24 
40 34 40 41 48 43 29 32 31 30 
48 33 50 27 29 25 23 23 30 23 
40 36 50 32 22 38 42 29 29 27 
42 32 24 41 35 20 45 41 21 49 
43 20 20 24 36 25 27 46 23 39 
48 50 41 49 32 23 44 50 24 41 
46 30 43 27 38 47 47 35 42 43 
30 37 48 32 47 30 50 37 38 39 
50 39 44 44 50 28 32 32 47 39 
26 20 44 37 40 43 39 26 47 32 
33 25 33 36 21 27 33 40 25 26 
47 49 30 23 25 44 38 46 39 39 
47 47 48 40 38 44 36 26 47 35 
33 43 40 22 25 50 43 21 24 45 
33 45 49 42 20 44 22 21 30 49 
36 34 36 43 37 28 36 23 23 44 
38 40 37 37 25 48 30 50 43 35 
50 27 23 22 27 34 32 36 48 39 
40 43 39 37 49 32 45 22 44 34 
48 23 42 26 38 43 29 33 27 38 
43 43 27 20 23 37 50 49 45 23 
41 44 40 27 35 29 26 40 37 20 
30 49 40 46 21 43 38 21 47 26 
31 28 28 48 33 38 23 42 23 48 
26 44 20 46 36 34 22 46 43 21 
43 39 42 37 49 25 41 36 42 40 
33 25 27 26 32 33 22 21 28 27 
24 25 42 32 29 46 40 21 34 23 
47 42 47 48 31 49 20 29 33 37 
44 49 34 37 36 50 20 43 26 48 
20 27 29 41 39 34 24 22 39 38 
29 35 39 30 35 50 30 45 50 39 
47 41 48 46 20 48 41 33 50 50 
37 39 47 46 31 45 44 34 45 24 
34 25 21 35 35 32 31 23 46 27 
37 20 21 22 50 31 49 30 42 27 
49 23 29 43 35 40 35 43 39 28 
47 35 30 25 24 27 38 50 35 29 
32 40 27 32 32 48 46 30 24 28 
30 26 26 41 35 33 27 29 50 40 
46 44 29 22 24 36 33 48 43 29 
46 44 20 21 29 31 49 40 49 38 
34 27 20 43 48 48 35 32 36 34 
27 45 22 21 38 34 35 48 46 38 
33 39 43 21 21 44 33 28 25 22 
28 36 43 25 49 38 50 42 35 20 
48 38 47 34 47 22 22 36 46 43 
48 37 46 36 23 23 25 47 44 47 
29 49 35 34 43 27 21 20 44 47 
42 50 27 43 34 39 44 43 40 41 
48 21 31 35 28 32 42 40 27 22 
39 26 31 30 36 26 21 30 28 34 
40 26 29 28 38 22 34 45 34 45 
33 50 48 42 43 47 37 34 29 31 
35 34 33 44 21 27 50 34 46 35 
47 30 28 50 25 32 32 36 34 24 
40 27 43 43 43 42 24 29 21 45 
38 20 46 41 41 36 50 20 38 30 
49 25 37 38 44 31 25 33 40 31 
33 49 47 41 42 45 31 29 35 40 
35 26 35 44 27 38 31 44 39 20 
43 34 29 48 31 37 40 20 32 40 
50 36 20 41 45 28 24 32 31 44 
28 44 40 47 20 42 24 22 34 20 
20 27 28 34 45 43 28 40 34 48 
44 25 20 39 35 47 44 22 45 41 
37 23 41 42 39 28 41 27 50 35 
45 41 38 38 49 30 23 20 39 30 
50 38 48 50 27 22 41 23 35 22 
39 36 32 34 49 44 35 22 46 20 
43 30 39 45 20 27 47 20 34 37 
43 33 22 43 24 34 33 32 34 31 
41 38 43 28 29 28 47 29 26 42 
41 48 37 43 45 31 42 25 28 31 
35 32 24 41 26 50 38 46 46 37 
21 40 38 23 34 22 37 25 43 42 
32 40 27 20 40 40 29 25 21 39 
27 50 30 43 50 47 48 44 44 29 
22 36 34 36 48 25 33 30 39 26 
35 21 26 27 43 31 48 28 47 40 
42 23 43 45 30 42 41 42 38 38 
37 34 28 20 31 36 32 49 29 47 
47 43 48 49 47 49 36 29 37 26 
25 34 28 46 36 23 40 43 34 42 
42 44 45 34 42 43 27 39 32 48 
35 32 36 31 27 43 42 22 38 23 
29 23 33 38 50 25 42 47 28 21 
22 25 40 47 37 35 24 30 27 49 
38 35 25 36 35 43 34 28 46 31 
32 28 46 25 37 32 24 46 34 28 
44 26 33 20 37 25 31 23 22 20 
45 37 40 41 22 23 20 34 44 32 
25 21 20 40 47 28 44 31 45 42 
49 36 27 50 32 48 32 31 42 36 
45 22 20 34 47 46 32 39 35 21 
39 48 28 21 41 30 41 45 24 30 
25 41 29 36 40 35 31 26 29 20 
42 43 34 33 42 38 30 31 48 49 
25 25 33 42 36 26 50 25 46 39 
34 41 20 31 37 28 21 28 30 37 
25 24 31 37 28 48 38 36 49 37 
33 29 49 21 39 26 38 22 44 45 
39 24 49 35 25 31 39 21 43 46 
40 49 36 27 38 41 32 34 44 48 
35 49 26 34 20 48 31 42 39 46 
45 22 26 50 35 24 35 40 35 33 
31 30 23 21 40 27 31 41 45 42 
23 36 27 31 50 30 48 47 50 47 
24 33 46 26 49 23 49 26 44 20 
48 27 48 43 35 38 37 37 26 44 
41 26 47 49 47 46 36 34 22 36 
33 45 49 22 43 47 29 40 35 39 
27 49 45 44 24 38 36 39 31 44 
49 45 35 41 49 26 38 31 27 41 
48 49 23 44 35 29 21 40 32 45 
20 22 20 26 48 30 20 35 42 31 
28 24 50 29 36 30 27 24 27 22 
28 48 47 34 26 36 37 24 34 20 
27 31 33 30 26 37 45 22 25 38 
25 49 49 20 33 37 26 31 41 49 
33 33 33 33 26 44 49 49 25 50 
47 44 39 25 44 29 25 28 44 43 
29 29 36 23 27 30 21 26 21 41 
28 41 50 34 33 26 46 32 41 29 
20 32 43 49 25 41 26 32 32 23 
21 25 47 43 33 28 44 50 24 23 
23 49 29 27 34 22 50 46 44 30 
28 24 41 40 45 35 35 49 36 27 
25 37 23 25 36 38 40 28 45 43 
40 38 28 34 48 28 27 30 42 36 
46 38 35 48 49 29 21 30 34 46 
26 33 24 21 44 23 37 35 27 47 
24 33 36 30 49 36 24 37 41 26 
47 22 27 36 42 40 45 39 47 40 
45 49 24 39 38 24 27 29 41 33 
34 43 32 29 38 44 46 20 24 48 
42 28 32 34 35 21 23 25 25 21 
27 32 26 28 42 31 44 36 42 37 
27 35 34 21 31 44 34 39 30 46 
47 30 49 33 49 26 25 27 28 25 
23 42 31 29 50 30 26 25 30 38 
33 24 43 26 43 21 35 21 43 33 
50 26 46 35 43 34 45 48 34 25 
37 42 47 50 45 37 50 31 33 40 
34 22 30 40 32 42 34 38 39 50 
42 40 36 23 24 40 47 43 21 26 
43 31 29 41 41 28 42 28 26 36 
27 35 23 25 41 41 49 36 39 28 
28 43 27 32 40 39 33 48 22 50 
46 20 34 31 28 37 33 31 23 23 
35 29 25 36 46 34 44 30 40 46 
28 47 35 23 27 46 22 48 22 21 
22 36 47 28 41 30 22 34 21 34 
28 37 24 25 48 24 30 38 46 34 
46 41 29 47 28 39 23 32 45 33 
24 48 44 20 25 43 48 22 50 23 
24 30 38 27 49 49 33 28 34 35 
45 47 47 40 22 39 41 33 46 44 
37 41 28 48 30 22 30 31 36 20 
29 40 33 39 41 46 48 50 49 44 
25 24 27 28 42 45 20 48 37 47 
36 33 32 35 22 31 21 24 20 23 
38 42 49 44 20 35 38 45 41 31 
31 29 35 38 20 34 38 35 21 39 
44 42 36 26 42 40 29 29 32 45 
21 21 34 34 49 45 26 26 44 44 
32 49 40 43 30 34 34 32 31 21 
29 28 49 22 45 30 47 37 47 31 
43 21 40 25 33 44 38 36 22 40 
30 43 44 46 42 49 45 34 32 44 
33 20 39 50 21 32 20 24 28 40 
23 22 21 20 41 44 26 48 45 26 
37 31 47 44 43 37 42 20 37 37 
42 41 36 41 40 35 20 37 44 27 
36 35 31 27 45 29 39 38 30 21 
48 40 36 29 46 20 38 26 24 39 
31 28 24 31 38 47 47 35 34 26 
29 20 49 30 41 48 24 45 47 32 
29 23 22 29 36 29 23 21 30 30 
40 37 50 41 46 48 44 43 20 23 
37 47 22 44 23 49 49 33 23 40 
32 40 39 29 45 36 21 25 23 35 
31 48 37 21 44 30 41 49 30 31 
23 40 42 28 48 28 28 30 41 27 
27 38 22 40 30 35 23 43 43 41 
40 48 46 20 50 30 25 25 29 47 
44 30 22 20 25 36 20 45 27 24 
40 23 30 43 28 34 22 23 40 29 
32 35 30 33 29 35 41 24 34 34 
24 39 23 48 23 39 34 34 47 45 
28 26 20 26 33 41 32 42 33 38 
26 43 42 45 49 30 20 34 48 33 
21 38 47 33 44 50 42 49 26 34 
47 31 43 38 33 49 36 43 48 34 
45 41 48 44 24 25 35 46 38 42 
26 38 34 44 45 25 30 33 48 40 
45 32 28 23 42 23 29 45 39 32 
37 46 48 48 38 41 47 45 20 50 
33 35 49 33 50 29 33 24 21 28 
48 40 39 29 31 47 34 20 43 29 
23 42 26 24 50 35 48 34 47 27 
21 30 32 27 45 41 23 32 24 32 
30 45 23 40 34 45 26 44 23 34 
33 31 39 34 30 26 32 43 38 31 
47 20 43 49 39 38 48 40 49 33 
45 30 50 38 30 45 28 26 44 29 
33 41 47 38 35 27 49 27 50 50 
42 47 41 45 24 46 47 42 49 37 
42 49 39 35 44 27 46 36 33 43 
42 50 40 40 39 22 43 27 31 49 
34 48 41 35 41 43 31 39 32 21 
31 32 43 42 40 41 21 46 32 41 
29 50 32 21 20 27 33 42 49 27 
37 25 33 36 50 38 25 34 20 24 
21 37 36 36 35 22 38 36 25 48 
35 22 27 22 46 50 26 47 35 24 
27 24 32 24 39 21 31 27 25 26 
21 40 45 42 33 39 41 43 41 31 
42 27 24 20 50 45 29 24 39 37 
26 30 21 26 33 48 34 37 30 46 
44 31 25 38 33 34 37 47 27 25 
27 28 50 42 28 34 23 46 36 31 
37 24 30 37 38 46 27 37 32 41 
37 43 48 40 23 40 48 23 40 24 
38 39 24 24 37 23 33 33 20 27 
29 42 33 47 48 38 35 50 28 20 
28 45 47 48 49 47 20 45 27 47 
35 28 28 37 38 49 44 24 20 48 
22 23 46 39 47 36 43 36 37 38 
50 44 37 31 33 46 26 41 28 40 
24 34 46 30 29 21 26 35 47 25 
28 32 46 50 35 30 33 45 45 44 
25 37 38 37 36 37 46 48 20 20 
41 37 26 48 50 35 32 50 46 39 
45 39 21 20 40 32 27 49 31 49 
49 43 43 31 46 41 25 44 30 31 
38 27 37 21 23 32 48 24 30 45 
41 28 39 50 26 40 27 43 45 38 
26 47 35 35 32 48 34 22 37 37 
49 32 22 33 41 32 48 40 25 43 
32 48 45 30 22 48 38 33 27 21 
20 37 48 48 36 22 39 23 50 26 
28 29 39 40 23 21 48 45 42 43 
22 32 24 43 28 37 23 38 45 35 
20 26 21 27 48 33 31 40 49 42 
43 42 40 50 36 44 39 30 40 46 
26 21 29 38 27 40 47 37 29 23 
23 49 32 30 39 24 46 20 46 21 
38 32 41 38 24 35 37 30 28 27 
44 40 50 38 46 50 37 21 29 24 
48 21 44 31 39 39 29 47 29 20 
46 38 35 29 31 48 26 33 42 48 
27 45 20 46 29 49 22 37 28 37 
40 40 26 33 49 28 50 30 42 29 
31 43 32 25 45 41 23 41 43 32 
43 49 48 50 37 33 20 42 45 37 
22 31 45 33 22 43 25 25 37 45 
42 36 26 31 42 24 27 34 38 29 
48 47 26 37 42 42 42 24 46 40 
28 47 34 24 32 33 48 43 25 46 
35 47 21 29 25 28 39 22 21 21 
44 47 20 24 37 22 27 43 22 29 
41 32 32 43 40 35 43 35 34 20 
46 37 30 37 22 42 39 24 34 27 
36 33 28 32 27 25 40 30 29 22 
22 47 44 43 20 45 20 39 43 29 
21 47 20 22 37 32 26 48 45 32 
42 44 49 21 48 37 44 44 37 23 
31 31 24 23 21 29 27 44 48 43 
49 45 23 22 32 41 44 21 45 48 
34 47 40 44 36 42 50 23 34 23 
23 47 22 37 36 21 29 29 44 40 
26 32 46 39 38 40 31 30 41 28 
34 42 32 34 32 45 48 42 31 27 
30 22 49 33 48 33 36 25 33 35 
49 21 32 45 27 49 36 28 24 44 
41 37 49 41 37 50 20 39 42 48 
31 23 25 42 32 39 50 45 44 25 
24 40 25 23 20 50 36 22 39 22 
25 31 20 44 46 44 35 29 43 38 
29 43 34 43 46 26 49 48 45 27 
28 44 30 40 39 36 22 41 38 43 
27 25 50 50 44 48 25 25 34 30 
49 35 44 26 39 22 45 49 45 43 
43 46 30 24 37 25 21 24 24 27 
30 45 26 29 29 37 26 37 22 30 
49 39 49 21 41 42 21 31 22 24 
26 47 41 33 36 39 30 29 45 26 
32 39 30 24 29 48 31 26 33 30 
39 50 25 35 23 37 40 29 38 32 
45 23 44 30 23 33 48 50 36 34 
36 48 30 27 30 26 50 46 49 25 
30 30 24 27 32 22 48 40 44 46 
25 43 50 37 44 44 41 33 28 30 
45 42 46 41 33 25 42 31 21 31 
27 29 20 27 50 46 25 41 45 28 
30 49 26 24 35 25 24 42 41 31 
33 26 35 49 42 41 24 21 40 35 
50 22 32 40 42 46 48 23 20 29 
36 25 21 46 40 45 28 42 35 42 
30 24 44 20 29 28 37 22 22 33 
38 41 32 46 40 24 46 32 30 50 
49 22 34 34 43 32 23 43 24 26 
29 35 45 31 28 42 33 23 20 40 
22 25 48 29 21 24 20 38 22 22 
23 37 24 41 24 23 24 37 47 26 
37 35 39 45 28 48 23 49 30 42 
49 46 29 34 47 27 33 26 20 23 
35 44 37 41 49 44 35 42 25 22 
34 35 45 25 44 26 39 34 47 24 
48 47 29 20 24 41 48 50 39 24 
47 44 24 27 43 32 30 50 23 22 
20 30 32 23 37 40 23 26 44 36 
27 21 31 42 50 20 49 43 26 50 
37 41 34 27 44 28 22 25 40 29 
35 46 34 21 39 45 42 43 37 21 
38 50 30 28 29 22 49 38 20 47 
40 33 23 33 47 44 31 27 36 34 
49 30 43 39 24 50 38 30 29 30 
43 41 20 44 41 34 46 38 39 34 
43 22 25 49 48 45 28 39 27 26 
24 50 29 42 21 26 30 41 25 41 
37 44 43 23 44 42 28 29 27 39 
21 39 47 44 47 46 21 30 36 27 
33 22 22 22 26 34 31 37 46 24 
21 27 41 24 40 35 46 33 39 31 
33 25 23 26 43 29 20 41 32 37 
32 50 20 47 43 35 32 45 45 37 
24 39 42 45 32 21 21 48 25 31 
43 26 48 36 22 28 45 44 31 48 
44 40 40 26 44 48 48 41 35 26 
37 32 39 33 44 21 50 29 41 36 
40 22 43 48 50 28 47 28 37 45 
41 28 25 42 42 21 20 22 41 36 
34 45 44 47 38 24 29 28 30 41 
33 46 21 24 26 45 26 40 29 23 
21 28 26 30 34 42 49 46 48 38 
29 36 23 21 33 45 20 35 40 20 
22 50 38 44 44 42 34 31 23 31 
43 30 29 41 42 46 23 45 29 50 
25 34 40 35 37 33 46 25 41 36 
24 25 46 32 37 32 31 25 20 33 
46 31 26 25 22 27 32 50 31 27 
43 40 46 28 23 23 49 26 22 32 
34 23 22 45 28 36 37 35 43 41 
34 25 35 27 22 46 30 40 44 25 
40 40 38 32 21 37 37 34 39 33 
36 38 32 21 44 43 43 38 45 46 
24 39 44 21 29 35 25 43 28 42 
37 40 28 35 46 31 44 23 27 23 
27 35 30 39 38 25 44 20 29 47 
45 48 40 22 46 24 35 20 24 41 
35 31 35 44 26 29 21 47 32 22 
26 46 32 42 35 48 27 31 48 34 
21 49 21 50 39 47 21 23 46 45 
45 23 26 43 31 48 25 36 22 46 
34 22 29 31 30 21 42 23 30 38 
31 41 24 39 28 26 30 23 42 47 
24 31 44 46 40 33 23 22 20 41 
27 31 41 33 38 39 36 34 43 43 
50 48 41 28 24 42 20 31 38 21 
24 24 42 24 21 31 20 45 28 46 
36 24 49 26 31 28 42 37 22 23 
25 23 35 33 38 26 20 50 43 39 
31 23 26 30 41 47 37 40 27 21 
50 39 40 35 39 28 21 23 28 45 
48 44 44 25 36 23 28 32 47 43 
23 48 42 46 34 26 39 33 50 41 
40 36 38 40 38 20 40 45 33 49 
26 28 21 42 43 36 49 38 37 44 
40 39 47 25 42 49 33 33 36 28 
35 26 47 50 47 48 39 37 36 43 
47 22 49 45 42 42 33 23 40 24 
42 38 40 24 42 34 48 28 46 47 
37 21 44 25 33 46 50 45 23 20 
47 34 46 43 34 33 29 26 42 27 
22 25 35 21 47 32 39 33 25 27 
26 25 43 44 28 22 24 45 48 23 
36 29 40 40 42 39 32 48 20 27 
22 49 22 41 27 38 50 33 46 31 
41 40 50 23 37 24 48 49 33 43 
41 42 27 45 31 30 21 20 40 21 
21 29 21 48 42 23 32 22 21 44 
38 24 34 41 34 27 44 39 26 48 
31 31 36 49 23 21 40 49 21 23 
29 35 47 22 47 43 40 46 24 39 
26 27 49 39 29 21 28 45 43 36 
35 35 32 34 39 42 40 36 50 30 
43 36 30 33 50 44 21 43 43 45 
38 47 28 48 43 44 29 45 48 47 
41 39 45 32 34 48 45 32 45 49 
36 47 35 37 23 32 25 40 34 24 
43 47 50 28 25 49 24 27 49 50 
31 33 44 25 47 24 42 47 41 43 
22 22 20 20 50 41 28 28 42 32 
21 47 24 22 27 36 37 41 32 48 
29 37 50 28 33 39 30 29 42 26 
46 29 30 37 25 48 47 23 23 44 
41 26 48 49 47 29 50 26 49 42 
35 44 43 46 31 20 46 28 45 47 
50 45 25 29 41 22 47 44 37 23 
35 20 25 50 37 37 31 32 46 32 
27 36 37 30 37 25 43 22 37 22 
26 25 40 49 30 41 38 47 20 35 
26 39 43 45 35 20 49 46 33 35 
49 22 43 45 41 27 46 44 24 43 
22 21 22 22 29 41 22 25 33 21 
38 36 27 27 47 22 28 29 20 25 
23 38 36 30 47 36 43 24 28 39 
40 20 39 39 30 39 46 33 34 22 
36 45 42 42 21 20 39 20 45 25 
20 24 44 22 24 29 40 27 23 21 
44 30 25 34 25 39 43 22 36 40 
20 27 25 48 29 23 29 37 44 31 
32 23 45 31 34 22 29 20 30 21 
22 47 41 31 25 30 27 23 40 29 
27 23 42 46 39 45 34 32 25 22 
30 47 46 40 38 41 50 38 25 26 
33 20 34 27 45 38 28 33 33 38 
26 23 22 23 46 27 49 39 46 23 
35 49 45 28 35 50 24 42 40 37 
42 22 21 40 27 33 27 25 44 48 
41 31 38 38 36 44 36 44 46 38 
50 21 42 25 21 26 49 26 26 34 
20 30 43 43 39 49 30 40 30 41 
49 28 26 24 25 45 35 34 43 43 
36 34 43 31 25 40 31 30 35 34 
26 20 34 40 49 43 22 20 42 37 
47 30 30 31 24 21 49 26 20 42 
32 35 21 20 50 38 28 47 44 23 
25 40 21 31 25 46 45 29 42 39 
46 42 43 47 28 40 40 34 25 36 
26 30 26 20 46 42 35 48 21 43 
49 26 44 26 48 27 35 44 38 38 
21 26 47 25 48 30 27 43 32 39 
28 48 36 30 39 34 34 35 41 35 
21 38 27 24 39 50 31 32 31 20 
34 21 44 38 22 49 37 41 49 37 
26 43 42 38 27 21 22 48 28 21 
36 36 26 49 32 32 33 37 28 33 
27 34 25 44 46 33 45 29 41 50 
39 39 43 35 46 43 25 34 24 22 
41 33 29 26 49 25 29 33 29 37 
49 27 32 24 45 37 24 50 37 46 
32 49 21 32 47 20 46 24 24 26 
37 37 33 49 50 22 21 41 45 33 
31 32 42 35 31 42 38 46 46 24 
25 25 42 35 26 31 20 21 37 31 
29 25 41 46 33 49 46 42 34 23 
24 22 27 34 47 35 27 40 48 33 
30 20 24 20 29 37 26 45 23 29 
50 38 38 45 47 46 42 23 36 25 
32 46 27 43 40 24 28 24 43 38 
43 27 41 40 27 32 37 44 48 33 
38 29 50 23 24 30 22 48 38 47 
39 39 44 46 49 23 35 28 24 20 
38 22 41 43 34 47 24 45 41 39 
31 49 41 41 43 31 35 29 50 48 
39 30 39 43 39 50 43 48 40 27 
40 38 47 23 34 29 39 43 49 26 
32 25 43 23 25 28 40 20 48 28 
43 43 32 42 49 38 44 22 46 41 
49 35 33 22 38 41 21 31 39 20 
49 33 36 22 24 50 40 26 50 29 
26 34 21 37 47 43 38 34 27 24 
25 34 21 21 36 25 24 29 43 22 
25 46 46 40 30 47 44 45 28 38 
42 30 28 39 45 33 44 39 42 29 
22 44 44 21 20 23 26 40 40 49 
43 23 33 46 42 43 49 43 47 30 
48 45 45 24 46 35 25 42 48 23 
34 45 33 24 22 31 30 26 50 40 
25 22 25 26 32 21 36 38 24 28 
40 50 30 21 21 22 47 37 26 40 
37 39 50 27 33 27 21 49 46 30 
49 29 41 42 34 35 32 25 39 26 
49 31 47 46 36 21 41 20 36 35 
40 49 20 25 28 36 30 28 37 40 
35 42 32 27 40 47 46 38 43 35 
25 42 33 50 38 26 48 27 21 28 
27 43 45 29 47 34 47 46 40 40 
50 46 31 26 34 44 33 34 20 44 
40 28 42 50 27 40 31 29 26 20 
37 41 42 33 40 48 50 24 24 23 
35 38 34 22 34 34 31 46 43 24 
49 27 46 43 28 26 47 27 25 27 
36 45 37 27 28 21 50 31 39 30 
45 42 28 39 35 24 22 22 36 39 
43 32 33 43 36 32 20 50 50 43 
31 31 46 21 47 25 34 32 44 22 
42 38 39 37 33 28 45 30 30 26 
42 40 29 42 49 50 38 48 42 43 
22 42 21 20 45 28 42 36 20 32 
20 39 24 25 47 36 46 21 29 38 
25 22 48 42 30 25 43 26 37 48 
49 39 45 21 44 29 39 21 27 47 
40 37 38 24 27 21 29 31 40 46 
49 36 30 40 31 48 33 38 23 48 
24 30 31 46 49 42 42 20 28 31 
48 38 29 43 48 37 42 41 30 39 
37 35 46 32 47 48 42 21 30 31 
23 23 38 34 25 24 20 42 48 48 
42 23 32 36 28 32 24 44 35 29 
50 39 29 25 35 29 43 22 26 28 
43 34 34 48 34 27 48 48 42 22 
41 23 26 47 45 36 41 40 44 41 
49 45 45 20 26 32 40 27 41 48 
42 41 40 34 20 21 41 37 28 45 
48 35 23 47 32 46 25 50 35 37 
27 29 50 25 24 40 42 24 40 34 
26 22 27 22 27 35 30 26 22 49 
32 21 21 33 41 45 25 43 44 41 
49 44 22 49 41 20 41 37 25 50 
38 31 46 34 35 23 46 47 42 22 
45 42 45 20 49 36 27 36 34 43 
32 35 38 21 32 50 43 30 46 29 
46 49 23 25 44 49 37 33 41 49 
35 47 46 47 30 47 34 41 48 45 
22 29 23 30 33 35 35 34 33 40 
43 39 41 24 39 33 44 23 33 25 
35 25 44 33 29 44 23 29 24 20 
30 27 20 50 34 46 20 29 28 36 
49 32 33 49 41 37 21 37 27 50 
30 50 48 36 20 41 41 23 50 27 
20 24 37 50 48 26 29 36 43 40 
26 41 37 47 32 30 43 27 44 33 
20 26 35 32 39 21 24 32 33 36 
33 33 31 43 22 40 49 31 44 26 
31 24 45 31 41 32 24 40 38 43 
30 36 21 32 50 26 34 42 32 22 
22 39 37 25 20 49 30 50 37 20 
48 27 33 44 27 42 20 33 27 48 
28 47 23 50 43 28 38 37 43 20 
31 48 27 39 33 41 25 46 46 31 
42 21 26 25 36 31 24 43 41 49 
30 45 22 28 42 50 49 44 48 40 
24 35 43 32 21 45 27 28 27 47 
43 31 24 27 50 28 28 32 49 22 
39 28 20 42 49 28 45 30 33 30 
35 41 24 49 29 26 46 33 42 21 
34 40 37 50 21 33 20 46 35 31 
45 50 33 44 20 33 40 42 24 42 
50 49 28 25 25 32 24 35 34 38 
44 30 24 33 49 20 36 22 37 30 
47 45 24 29 38 33 20 24 39 43 
36 47 39 40 29 30 43 46 30 45 
48 33 43 46 34 46 36 46 30 21 
46 25 23 25 37 42 37 26 47 36 
22 33 39 20 22 41 28 38 29 31 
30 24 39 34 43 44 26 21 40 31 
34 25 49 22 31 31 40 29 36 31 
38 35 40 22 36 22 33 34 39 46 
26 25 48 22 38 27 47 22 23 42 
32 46 30 42 21 33 35 29 25 46 
50 37 47 28 46 40 23 29 32 37 
28 36 46 20 32 49 34 22 42 26 
49 25 28 41 33 38 25 50 28 21 
28 20 25 25 37 34 34 33 20 35 
23 30 41 45 21 49 30 38 50 24 
29 34 49 20 39 35 26 47 27 23 
31 44 41 47 30 35 20 47 22 23 
35 26 46 22 39 29 23 22 48 30 
39 27 32 35 43 33 49 34 33 44 
29 47 23 28 36 28 50 22 31 33 
41 41 45 26 41 47 47 33 33 49 
45 36 45 36 33 28 31 45 29 45 
36 33 41 49 33 24 47 42 26 44 
41 39 46 26 42 46 33 20 32 46 
21 38 36 25 30 26 39 26 49 44 
44 49 31 24 49 50 31 32 48 35 
47 33 46 34 46 41 50 49 45 22 
21 22 37 29 31 43 30 38 38 29 
21 33 41 48 50 21 44 42 30 24 
20 44 43 25 46 46 46 24 28 39 
20 22 42 27 48 30 23 32 36 22 
44 44 41 49 36 23 38 50 40 41 
45 21 43 26 28 37 35 44 29 32 
30 35 50 25 28 43 35 32 26 26 
36 24 34 21 36 25 48 32 50 26 
28 36 40 45 38 43 29 48 45 21 
27 43 23 47 50 43 43 20 25 41 
48 47 33 20 32 25 45 22 23 34 
39 21 40 24 47 34 33 25 40 32 
30 44 27 21 33 25 41 20 22 38 
22 45 29 41 46 50 24 43 39 41 
37 47 20 20 48 45 20 48 38 39 
29 31 41 47 33 42 37 37 36 32 
33 41 40 34 30 20 39 38 47 36 
32 50 31 20 45 47 44 43 49 29 
35 46 41 49 36 26 49 34 20 40 
23 27 27 21 46 38 22 41 49 48 
50 45 27 47 30 41 47 48 42 23 
26 23 39 20 23 32 36 26 29 46 
37 39 23 42 40 22 35 25 23 30 
28 20 35 49 26 43 26 49 43 37 
23 48 30 39 37 44 48 50 48 49 
27 39 48 20 33 33 46 45 46 35 
22 33 31 41 29 24 47 46 40 36 
29 41 41 37 39 37 34 47 25 40 
28 22 23 22 28 23 49 26 33 34 
20 47 41 46 49 22 25 31 47 50 
47 21 41 26 34 21 25 34 35 40 
32 21 29 20 46 45 36 39 21 21 
25 22 26 42 26 47 41 34 20 25 
42 34 34 45 48 35 37 49 40 36 
40 47 44 40 22 36 34 25 27 22 
30 28 45 24 32 37 32 38 20 21 
20 45 50 45 41 43 42 45 30 43 
25 50 31 44 37 20 39 28 37 41 
50 50 32 33 31 33 43 49 28 34 
42 37 26 23 32 48 50 37 30 22 
46 29 21 37 34 27 41 36 35 40 
30 33 24 30 27 35 38 29 20 26 
21 44 47 32 38 41 24 50 37 50 
28 29 26 41 38 35 33 46 47 21 
21 32 32 22 33 48 20 26 38 29 
37 25 38 27 36 45 46 32 31 43 
39 23 26 39 24 32 45 26 24 29 
27 26 29 22 34 48 42 33 23 27 
44 33 30 34 26 36 33 31 31 32 
38 22 43 26 36 38 31 28 31 39 
24 50 34 32 32 20 42 25 49 49 
45 42 24 37 31 41 34 33 32 26 
37 49 48 44 42 49 20 42 24 50 
24 26 40 35 34 43 31 50 27 47 
27 35 42 38 44 41 24 48 28 24 
47 21 48 27 31 38 28 49 30 50 
30 21 34 42 42 22 43 27 25 45 
42 29 46 40 39 48 35 33 37 30 
33 36 44 40 24 26 24 21 25 43 
38 22 27 38 45 24 34 50 40 23 
43 21 20 30 47 34 45 28 45 28 
37 41 34 46 33 38 45 23 21 42 
40 36 30 31 26 48 48 30 45 41 
45 28 32 35 45 47 40 22 36 33 
25 34 40 46 29 32 29 31 24 31 
41 22 30 20 43 35 31 46 49 25 
23 26 34 26 35 32 31 43 38 33 
45 32 47 23 24 40 21 38 45 40 
48 30 27 47 23 38 34 40 23 50 
26 50 41 30 29 43 34 23 45 20 
43 21 34 47 43 33 21 30 44 21 
27 41 26 40 50 47 43 31 20 44 
41 50 22 29 50 45 35 36 48 49 
40 37 26 49 44 41 47 37 21 24 
29 49 26 48 49 29 43 45 39 32 
49 20 23 26 45 47 26 49 24 37 
36 47 37 37 30 30 24 26 20 38 
42 47 46 22 20 28 46 44 40 34 
26 29 26 27 38 25 27 28 41 38 
21 31 46 32 24 36 44 46 25 30 
44 30 47 24 21 41 37 21 20 23 
36 30 41 22 23 45 38 39 33 45 
20 44 30 20 47 33 40 33 33 26 
32 23 49 32 29 47 38 25 32 31 
25 50 26 20 44 46 24 50 20 26 
47 46 46 31 42 48 49 36 42 47 
34 35 28 34 46 24 25 22 39 32 
39 31 26 41 40 43 26 49 50 39 
41 30 27 26 20 44 24 40 31 27 
47 20 37 31 45 23 24 47 32 44 
45 42 38 28 49 28 43 22 45 23 
26 40 48 33 23 33 36 44 31 42 
37 22 22 48 20 28 43 33 40 48 
24 32 37 39 36 50 25 46 32 44 
39 41 30 22 38 29 46 39 31 41 
30 34 40 34 46 39 43 27 23 22 
37 44 43 49 32 23 28 28 33 21 
33 40 35 24 32 40 44 44 48 33 
23 33 50 34 42 24 28 37 23 44 
28 23 24 26 22 22 27 33 33 32 
24 20 28 43 23 33 44 50 25 48 
40 20 28 47 40 33 24 45 29 22 
27 35 26 45 50 20 50 23 27 35 
22 50 48 31 34 50 23 43 42 28 
31 30 35 36 27 26 49 35 46 41 
24 45 28 33 24 41 38 34 43 24 
45 44 46 26 35 24 45 38 47 29 
25 34 46 26 37 37 22 26 28 32 
31 24 28 39 38 46 35 23 30 25 
25 39 46 21 34 36 33 33 46 44 
43 50 48 35 36 29 45 39 33 48 
25 39 21 41 32 40 32 33 38 41 
28 48 48 48 25 44 49 34 46 29 
28 29 35 44 23 28 48 37 48 36 
23 26 42 31 41 42 28 24 45 39 
25 46 42 47 20 40 20 41 22 33 
34 27 50 24 38 36 28 39 35 22 
30 25 34 42 38 25 37 35 37 20 
31 40 33 50 28 48 45 30 48 46 
21 28 28 21 49 31 35 30 41 46 
30 26 33 20 32 34 40 31 40 29 
20 43 47 27 47 40 37 23 45 33 
26 42 27 45 48 47 42 48 44 29 
36 30 46 28 38 20 31 41 38 30 
40 37 20 20 36 25 32 38 20 35 
35 36 41 33 23 48 32 46 26 42 
35 21 32 31 38 42 31 36 43 22 
25 32 47 45 50 36 35 37 27 21 
35 23 49 36 40 28 25 44 46 50 
25 31 44 46 32 30 36 38 20 32 
35 30 35 30 22 40 50 27 26 40 
31 41 33 50 24 42 25 38 31 35 
42 24 26 49 43 29 41 38 47 21 
47 34 40 41 30 48 32 40 31 36 
22 37 30 38 37 32 32 35 42 27 
24 26 22 44 35 30 29 28 27 20 
27 21 25 26 23 37 30 22 50 47 
27 47 30 35 43 33 28 20 35 43 
28 29 35 50 43 45 50 31 30 33 
43 43 21 39 45 50 45 45 25 48 
30 46 29 29 44 23 41 49 48 45 
32 31 43 26 37 33 28 35 40 35 
33 23 27 49 46 45 29 37 28 25 
23 47 22 30 49 44 49 33 29 40 
39 34 40 34 37 27 27 38 21 23 
31 36 47 27 27 26 31 21 41 38 
48 48 34 22 28 43 29 27 27 43 
28 24 28 31 49 42 37 21 21 36 
28 33 45 45 30 25 48 21 20 20 
47 31 35 43 35 25 34 29 49 22 
39 24 28 35 26 35 21 36 44 25 
44 50 44 28 49 37 40 31 48 36 
40 32 24 34 37 30 47 25 36 42 
23 45 43 50 47 35 20 31 20 34 
35 46 45 47 49 36 46 29 50 29 
29 42 21 25 39 41 42 28 38 37 
29 23 36 44 31 30 22 39 47 24 
42 31 38 27 27 46 22 35 23 45 
32 27 43 33 20 36 24 39 25 47 
23 21 27 45 36 23 50 25 24 20 
20 41 50 36 29 21 37 37 45 29 
25 29 39 50 30 24 50 44 42 47 
31 49 45 25 34 48 43 29 40 50 
50 27 43 32 40 36 43 38 28 50 
26 45 31 47 46 41 31 36 23 29 
37 47 49 27 28 31 34 24 35 39 
42 29 45 50 26 28 46 23 26 31 
46 38 27 41 39 35 46 44 33 42 
34 21 47 40 40 21 29 31 46 30 
45 45 36 42 32 50 41 49 36 32 
26 31 27 26 45 30 45 25 25 21 
30 48 28 47 42 50 50 23 47 20 
47 49 38 50 44 41 37 40 49 25 
24 32 38 31 30 28 41 49 39 35 
45 41 24 22 44 29 41 25 34 49 
22 50 35 42 30 27 31 49 31 43 
45 43 24 31 22 20 48 28 34 45 
27 29 50 24 25 30 37 33 44 29 
36 32 30 42 28 40 24 23 24 32 
45 24 20 42 47 36 26 45 32 36 
44 23 44 48 30 22 29 35 44 23 
21 45 49 47 37 31 49 40 24 43 
25 35 28 39 21 36 47 41 46 39 
39 33 34 27 38 47 21 22 26 26 
38 36 29 32 22 50 32 43 41 23 
39 23 47 42 22 40 30 25 44 25 
49 42 33 21 41 34 43 31 24 43 
36 32 30 42 29 43 30 40 27 46 
23 38 49 35 49 29 41 42 31 36 
46 40 30 43 44 50 44 43 31 25 
44 40 37 49 46 35 46 26 20 37 
26 22 30 35 41 27 20 38 37 23 
23 43 50 38 28 39 28 22 47 41 
50 20 50 42 30 44 22 21 27 41 
50 26 21 41 21 31 43 20 36 33 
27 21 21 46 25 50 22 26 47 29 
32 38 45 40 35 39 20 41 43 41 
50 23 27 34 36 25 37 44 32 42 
31 21 40 45 50 41 27 36 29 44 
46 50 28 26 32 26 29 32 48 26 
45 25 32 45 45 36 48 48 45 34 
21 36 39 40 38 37 24 33 38 48 
46 39 49 20 29 30 30 29 43 50 
35 30 20 34 26 45 24 22 25 24 
29 32 39 42 27 38 39 20 27 37 
49 36 50 22 34 46 39 40 25 33 
27 44 36 21 47 20 31 41 48 49 
22 34 50 21 44 36 22 31 38 50 
23 21 39 29 48 20 44 33 36 24 
31 44 40 21 42 27 47 29 48 41 
36 44 27 30 47 45 49 38 24 24 
29 37 42 32 41 40 39 39 30 49 
48 33 37 31 30 39 23 32 43 30 
26 24 38 32 42 23 48 45 49 40 
47 22 20 32 24 38 44 42 37 38 
25 44 50 39 28 33 33 30 26 45 
22 32 25 20 26 37 41 48 24 49 
37 41 45 21 44 26 25 30 38 33 
42 46 20 46 48 43 48 48 42 26 
30 26 40 34 21 45 36 21 39 29 
43 27 22 50 45 32 26 31 27 29 
29 45 38 34 41 29 25 49 49 41 
50 42 28 23 22 27 25 40 32 39 
34 34 43 47 48 47 41 37 34 28 
31 46 33 50 47 46 31 32 21 21 
23 31 25 47 37 43 43 23 37 25 
28 38 21 23 32 44 30 21 35 29 
41 27 47 50 27 42 22 26 30 20 
38 35 43 28 45 38 31 50 39 49 
38 44 49 20 42 37 37 30 20 21 
22 49 47 33 28 48 26 24 45 28 
26 35 24 47 36 37 44 41 48 21 
43 41 42 47 27 35 42 26 39 29 
29 41 46 50 44 50 33 38 41 25 
33 33 22 21 45 39 47 48 46 36 
46 26 26 25 50 38 30 40 47 23 
27 26 20 46 47 46 36 39 44 23 
44 22 49 37 27 35 32 33 30 41 
40 31 48 33 22 40 33 36 40 41 
20 37 45 40 32 38 30 26 42 37 
29 40 46 48 26 27 40 27 48 41 
36 40 44 41 40 42 23 33 42 29 
25 26 31 33 24 37 27 27 44 45 
23 26 46 44 42 28 29 26 42 47 
35 26 35 36 33 33 48 30 42 33 
48 36 30 35 40 25 42 29 47 23 
20 25 20 36 32 32 20 50 41 21 
28 40 50 32 46 31 38 27 37 26 
29 26 29 20 34 43 45 30 49 25 
20 31 22 25 49 46 50 43 36 38 
45 44 32 23 36 45 46 28 27 30 
39 40 48 36 35 35 30 46 23 43 
32 48 33 49 43 34 21 41 36 22 
20 23 22 30 31 30 46 33 35 48 
32 22 26 31 26 27 50 35 21 26 
31 30 37 35 48 33 21 32 44 36 
32 46 45 49 21 40 22 34 49 25 
22 39 46 23 25 33 25 43 34 22 
34 35 43 36 41 22 28 31 32 50 
40 21 45 42 27 20 21 50 31 20 
26 50 26 43 50 39 38 41 38 39 
25 40 22 47 30 46 28 27 36 34 
36 44 46 50 22 22 49 42 47 30 
28 40 23 43 28 22 43 43 39 29 
44 34 47 37 47 45 39 50 41 23 
44 27 33 20 23 44 36 27 23 39 
49 29 46 33 34 35 24 36 40 38 
31 29 27 44 21 41 29 35 30 26 
44 45 30 44 31 42 35 46 30 41 
23 48 44 46 49 22 31 40 44 24 
48 44 47 21 41 49 48 32 39 21 
21 28 26 33 31 49 41 31 38 46 
26 29 30 48 32 44 33 48 25 21 
22 39 21 45 46 50 28 37 47 45 
39 26 49 36 47 48 36 39 22 40 
35 43 32 25 27 40 23 24 32 36 
48 30 40 31 46 50 22 26 45 47 
23 50 26 46 43 33 37 24 50 24 
28 40 21 41 31 46 37 23 42 33 
37 41 39 25 28 36 41 28 50 27 
44 43 20 28 45 41 23 44 33 36 
42 28 46 27 36 47 36 47 33 20 
45 35 32 27 49 39 34 46 28 38 
48 49 24 21 46 36 35 47 43 27 
41 23 47 43 39 42 32 42 47 43 
22 31 29 43 22 25 20 25 30 37 
40 34 44 30 35 45 36 26 49 30 
31 37 45 27 42 42 26 50 21 23 
32 49 50 48 50 30 29 32 43 35 
38 24 33 45 44 40 43 43 25 25 
38 50 25 25 24 45 33 46 27 20 
21 26 24 45 30 47 40 48 35 50 
24 42 32 22 48 34 39 33 20 29 
23 27 22 40 21 35 32 44 33 27 
25 39 43 29 32 44 28 32 46 35 
49 24 39 47 39 21 38 27 39 25 
46 23 20 47 42 34 42 28 36 50 
29 26 44 48 39 39 30 27 44 20 
37 30 49 48 50 39 35 47 45 20 
21 46 48 33 44 37 22 33 20 21 
39 48 41 25 24 44 33 33 34 38 
34 25 28 33 23 24 35 37 30 28 
50 49 33 42 47 46 47 21 47 21 
28 28 41 32 46 37 41 31 34 41 
