20 10 6 0 16 10 39 14 3 13 
20 41 2 19 0 26 13 16 4 12 
13 2 0 26 18 17 18 9 7 8 
14 50 4 28 8 6 14 8 7 42 
4 19 17 38 18 0 15 1 3 20 
31 3 28 5 30 4 38 7 8 39 
45 9 14 9 14 17 15 8 19 2 
12 2 12 16 13 11 48 8 6 36 
18 13 14 30 1 1 34 4 1 19 
5 7 8 15 33 5 34 41 32 29 
3 40 9 14 8 35 10 25 27 14 
4 2 15 29 22 1 5 16 40 42 
4 11 8 11 46 18 10 6 13 4 
12 0 35 3 38 36 48 16 16 8 
45 7 0 5 4 18 14 32 16 39 
19 11 7 38 13 16 10 2 43 12 
0 49 1 1 44 15 1 5 8 10 
13 18 3 45 16 38 8 5 6 6 
0 19 17 50 19 3 14 46 27 17 
16 6 39 47 11 15 13 7 19 0 
13 25 31 15 18 4 13 4 14 20 
19 24 10 5 14 3 50 47 46 28 
3 19 20 4 10 28 0 1 17 31 
7 6 13 44 4 3 28 37 3 39 
0 12 11 24 14 8 4 19 4 32 
45 15 11 26 34 2 34 12 48 16 
22 9 5 15 18 43 2 44 17 37 
6 13 19 19 24 15 40 29 13 0 
9 2 48 30 42 15 17 19 47 50 
10 18 16 14 34 12 2 8 12 12 
12 27 2 12 21 38 28 5 40 11 
40 11 18 3 6 10 0 47 28 18 
9 13 12 24 12 1 9 34 0 5 
43 15 19 7 2 3 5 45 10 17 
42 1 5 12 23 32 1 1 4 37 
15 13 32 14 1 45 33 45 14 40 
11 14 11 42 6 12 13 4 18 10 
3 23 18 0 18 8 4 35 46 7 
12 0 1 18 0 19 1 48 45 47 
17 19 19 1 12 4 47 10 19 14 
1 20 29 12 20 19 34 1 2 19 
17 40 15 27 11 17 17 11 11 6 
24 4 14 10 5 15 33 13 11 10 
38 49 16 5 33 3 11 13 5 14 
11 8 23 2 31 39 5 12 35 17 
17 16 16 8 7 30 3 6 45 6 
36 5 18 10 11 13 19 5 6 4 
11 41 4 19 38 1 38 17 24 5 
18 1 23 20 8 8 30 2 32 7 
14 14 7 23 2 14 7 1 7 11 
29 14 34 37 19 15 3 8 8 31 
6 32 4 4 7 14 16 47 22 3 
13 41 41 43 16 3 13 9 0 15 
11 38 18 16 11 30 2 19 8 0 
50 18 19 43 10 18 10 9 15 11 
1 44 3 18 18 37 8 3 8 10 
1 11 0 10 11 9 19 6 39 15 
41 13 46 49 30 13 7 47 37 20 
37 41 2 12 0 10 18 4 14 10 
47 2 28 9 38 36 36 14 33 18 
31 6 13 14 4 0 25 37 33 0 
13 16 31 45 8 32 3 12 11 35 
6 14 18 12 28 6 38 37 2 24 
24 4 17 49 13 4 16 8 14 10 
16 18 20 11 9 15 4 11 16 44 
27 46 0 28 18 19 22 44 16 7 
16 9 9 13 9 10 43 47 18 36 
9 12 7 27 12 18 28 43 29 2 
10 1 7 28 9 0 1 1 15 49 
9 17 0 13 16 18 41 30 22 7 
13 26 16 12 7 28 16 23 1 23 
24 11 17 0 27 8 14 38 20 15 
18 23 40 3 36 39 5 49 10 19 
0 39 33 22 49 40 24 12 16 18 
4 16 15 13 27 8 5 9 28 11 
38 30 28 13 37 15 27 10 18 8 
6 13 9 28 16 17 10 11 3 15 
19 8 27 43 16 2 2 9 22 12 
39 12 46 10 19 16 15 15 6 11 
6 16 18 11 17 3 37 24 27 18 
13 9 49 0 42 16 38 24 0 28 
13 17 9 50 18 46 9 5 5 3 
22 7 49 15 13 18 0 19 18 6 
35 14 2 19 4 10 33 1 17 11 
22 4 7 15 19 17 6 11 5 27 
5 43 16 41 9 13 2 21 41 14 
9 1 21 4 21 17 18 37 5 7 
19 19 6 36 12 40 21 49 48 29 
16 43 14 13 9 12 17 4 19 0 
36 19 16 10 23 27 7 42 14 18 
16 3 8 2 3 13 8 4 0 4 
44 11 21 35 17 1 40 12 13 4 
18 15 0 0 1 48 7 12 31 45 
14 8 6 45 5 43 8 9 6 15 
44 6 22 9 8 29 8 3 30 24 
17 3 29 17 6 19 7 16 20 2 
14 18 17 0 16 17 38 12 8 9 
17 44 19 12 37 24 12 42 2 10 
12 17 17 21 11 5 5 36 16 3 
7 4 4 10 16 15 11 25 21 12 
13 5 14 34 48 8 5 19 43 17 
9 3 45 33 47 46 6 25 7 50 
35 1 5 40 8 12 28 18 27 36 
3 22 7 15 14 5 27 13 45 9 
38 32 8 8 9 6 30 12 38 6 
35 8 16 50 3 19 15 4 22 31 
4 2 9 25 27 3 32 14 36 25 
3 15 4 33 1 29 13 4 6 8 
15 15 0 38 7 4 45 1 15 16 
6 11 6 49 13 47 42 4 4 4 
6 9 36 8 16 14 3 5 23 18 
9 0 3 11 0 11 11 2 13 0 
47 19 11 2 4 2 5 12 31 4 
18 32 9 4 0 31 18 12 12 19 
6 14 4 15 37 10 44 2 14 26 
5 0 19 13 1 7 40 34 4 17 
49 11 22 7 24 9 12 12 15 28 
10 9 0 44 25 8 19 21 12 43 
34 24 15 7 32 4 19 8 3 38 
18 1 29 5 8 7 2 6 15 20 
22 2 26 1 27 31 13 2 3 17 
41 5 4 4 18 4 15 9 14 8 
12 17 9 15 5 47 4 17 11 12 
15 31 14 6 16 2 10 19 43 17 
19 4 18 5 45 47 10 38 31 8 
7 15 1 3 10 12 45 1 42 11 
8 36 2 12 6 19 3 4 11 9 
11 27 18 11 3 17 19 17 11 16 
31 17 6 9 14 30 16 4 17 6 
41 1 16 12 25 26 35 50 3 26 
41 5 12 17 24 14 17 15 18 50 
34 34 0 16 5 21 13 6 3 4 
0 17 15 1 0 4 27 1 18 7 
16 15 29 14 19 20 3 4 45 13 
36 1 6 5 17 18 14 3 39 16 
18 15 13 38 12 15 34 16 8 13 
18 0 1 5 10 19 12 16 21 14 
46 25 9 27 7 13 8 9 19 18 
8 14 16 16 13 23 3 17 9 2 
12 2 9 5 21 9 0 12 14 3 
0 7 7 3 6 10 8 18 10 0 
5 24 12 14 21 9 40 48 18 6 
6 24 10 4 10 9 47 1 12 13 
6 6 14 16 11 31 4 40 4 6 
16 9 5 30 9 13 17 14 25 7 
8 17 28 36 2 10 16 11 2 18 
6 19 0 27 10 20 17 13 2 3 
10 4 9 47 13 14 18 3 18 19 
7 10 4 6 1 22 1 34 26 12 
6 12 6 4 17 0 9 1 30 1 
15 11 16 13 47 29 6 18 4 7 
3 12 10 19 0 19 33 28 38 40 
37 9 21 22 28 10 0 4 6 6 
4 5 19 27 43 11 15 47 17 10 
16 30 3 46 33 6 44 41 5 4 
15 11 42 13 2 19 12 3 8 0 
6 4 18 47 35 7 48 0 45 29 
36 13 45 6 2 19 10 14 3 12 
25 2 40 7 9 2 8 38 15 12 
20 41 11 16 38 6 50 49 19 42 
2 33 6 21 15 8 7 2 49 25 
21 4 25 41 13 17 15 0 47 8 
9 0 12 6 0 19 0 4 18 1 
13 46 46 14 12 11 1 47 5 26 
46 5 9 1 17 35 33 1 29 16 
18 43 40 31 4 13 11 18 13 17 
14 33 7 46 38 26 1 49 10 43 
0 14 10 16 10 1 16 2 5 34 
11 29 16 0 46 0 5 6 41 4 
12 28 0 1 8 40 15 5 36 14 
16 50 0 18 4 15 50 48 4 8 
47 45 10 2 29 11 8 6 5 45 
33 5 32 47 10 37 10 15 15 13 
5 9 6 34 24 14 13 24 30 2 
28 17 15 8 17 16 42 1 16 14 
7 8 3 44 2 18 16 11 34 7 
44 5 15 39 23 10 7 1 0 3 
45 15 19 26 7 4 2 18 1 6 
49 17 12 6 0 33 19 18 43 47 
30 7 2 14 3 46 3 49 29 15 
15 14 10 2 3 0 7 10 1 50 
4 1 20 9 18 9 0 3 39 16 
12 13 43 26 25 7 16 0 28 10 
27 30 22 13 13 18 36 32 14 13 
18 18 39 27 9 12 28 15 12 45 
37 14 7 12 13 1 50 6 15 18 
7 38 4 12 8 8 13 2 15 19 
6 12 21 29 6 24 24 9 22 17 
0 10 1 0 3 48 1 5 26 4 
4 0 43 13 33 29 38 9 50 40 
30 2 21 9 37 36 18 40 27 4 
4 20 44 50 15 8 17 7 4 8 
9 20 47 12 14 43 34 9 44 19 
12 49 14 5 3 40 13 19 10 26 
18 0 17 8 39 17 16 13 10 7 
11 5 7 45 19 6 16 49 36 9 
33 0 3 13 15 49 11 11 16 17 
25 0 9 3 19 7 5 15 7 14 
11 4 22 16 16 36 38 11 13 11 
44 9 39 18 8 29 6 29 14 7 
50 8 15 41 8 16 7 28 1 9 
42 16 3 2 13 48 4 43 15 10 
45 8 17 6 8 8 27 8 15 11 
13 11 7 17 9 8 34 8 6 39 
3 38 7 17 24 39 22 28 16 4 
11 19 34 9 3 42 44 14 38 15 
16 19 3 1 4 2 3 8 38 32 
8 12 8 10 0 48 15 1 16 5 
45 15 0 8 13 16 0 4 16 8 
11 1 22 17 3 20 1 18 12 29 
50 26 40 13 6 48 6 44 3 40 
14 19 5 11 19 36 40 30 18 50 
12 7 14 25 10 17 50 12 5 22 
9 2 7 11 42 48 6 13 19 33 
18 5 17 16 10 3 19 30 28 19 
13 41 6 3 12 19 13 22 7 4 
46 19 19 9 2 27 4 39 0 13 
0 34 47 43 1 26 16 14 17 43 
5 0 17 46 38 0 41 0 28 39 
7 0 17 13 9 10 45 43 19 6 
17 19 18 31 44 4 3 27 32 4 
35 2 3 49 42 4 9 30 6 19 
14 1 15 2 14 18 19 16 16 2 
4 26 35 1 40 27 16 14 44 4 
0 4 26 3 24 25 42 16 13 47 
12 41 18 4 14 14 1 45 27 43 
0 38 7 0 16 1 16 12 7 47 
9 26 17 12 12 22 15 40 9 11 
16 9 16 0 8 3 17 43 20 36 
48 5 24 0 34 50 13 14 19 32 
45 12 1 21 28 44 3 14 14 5 
39 4 21 2 1 14 4 10 11 37 
39 0 11 2 7 17 2 7 13 41 
0 45 20 26 10 7 2 47 49 6 
19 6 44 36 14 14 30 45 1 14 
14 30 13 16 30 7 10 44 23 32 
12 0 3 19 2 13 7 1 4 13 
33 19 9 17 6 8 3 40 19 19 
12 44 15 2 47 39 9 17 4 17 
0 4 18 27 4 6 1 1 13 31 
8 35 11 30 42 3 18 0 9 27 
7 0 24 46 6 9 10 3 2 4 
12 12 47 0 31 3 19 13 30 2 
15 13 18 21 13 41 12 2 22 23 
6 46 17 16 14 29 19 2 10 11 
43 14 24 4 1 14 34 4 3 6 
16 17 19 8 31 12 33 19 29 21 
13 36 39 16 48 15 37 31 39 3 
8 31 16 17 27 40 10 49 2 2 
12 17 11 1 11 16 21 3 16 8 
30 31 43 16 9 49 9 31 13 16 
11 19 3 9 3 0 17 42 2 0 
18 17 11 47 18 31 11 10 41 16 
2 14 22 2 5 16 7 4 13 11 
1 14 16 3 2 6 3 11 3 1 
3 5 12 26 14 3 50 3 35 5 
6 0 9 16 8 12 31 18 14 33 
44 5 42 42 1 36 20 17 2 23 
33 10 37 17 47 32 18 49 3 33 
6 4 14 3 12 18 0 25 9 18 
13 41 28 32 6 1 15 15 19 1 
0 43 11 4 4 7 0 18 9 14 
18 4 7 6 17 6 35 3 24 36 
8 37 17 28 2 3 4 3 49 19 
30 31 0 18 24 13 35 3 14 15 
43 16 12 10 31 15 9 0 4 11 
7 11 12 19 14 1 0 14 5 3 
6 15 4 0 30 18 33 1 15 6 
11 19 16 26 17 6 9 15 12 29 
18 14 8 2 11 1 30 1 28 39 
11 19 13 28 1 19 44 3 0 24 
20 44 0 6 42 15 14 47 11 12 
17 13 17 34 8 0 14 17 14 1 
30 11 45 23 32 9 0 0 34 13 
12 12 18 12 37 16 18 19 2 32 
19 7 11 18 13 8 0 3 38 17 
3 24 46 3 6 3 19 8 19 7 
8 13 17 15 4 40 18 12 18 13 
10 1 2 9 1 11 9 18 8 16 
3 28 39 7 38 25 6 17 12 5 
4 12 8 7 1 6 8 39 34 0 
10 12 12 2 9 8 16 21 24 15 
42 25 24 7 5 20 9 0 16 11 
11 26 40 10 1 38 7 9 6 8 
0 10 43 20 45 19 35 7 21 16 
39 47 22 17 16 45 2 48 28 18 
33 10 22 41 36 14 11 40 3 13 
12 38 27 17 9 9 9 11 33 46 
17 5 4 21 17 0 11 3 11 13 
36 1 9 9 4 19 1 1 15 19 
4 15 20 20 39 6 2 13 15 11 
16 5 20 0 37 6 15 0 11 47 
12 7 15 27 0 17 8 15 9 4 
18 9 19 17 43 17 17 24 0 19 
7 14 22 5 12 0 1 13 14 8 
15 19 17 45 1 2 13 7 6 0 
16 4 9 8 9 3 2 10 19 46 
23 38 0 16 5 25 5 16 9 18 
3 48 49 10 49 37 12 10 9 0 
14 13 34 6 29 37 2 14 10 35 
0 10 17 11 37 0 1 2 7 41 
4 13 50 5 28 15 42 2 27 16 
30 42 15 32 38 19 5 18 21 48 
12 1 20 30 29 15 12 15 18 39 
6 17 30 13 3 1 7 5 29 6 
47 44 18 19 11 31 16 14 13 19 
33 6 33 18 18 31 3 15 42 20 
11 18 18 17 32 32 40 23 38 2 
41 26 12 0 25 17 14 7 18 46 
17 13 7 11 19 47 23 9 39 10 
42 16 19 5 22 26 14 16 9 8 
39 17 17 22 37 33 8 42 16 39 
23 7 34 23 8 5 30 32 37 2 
16 1 2 18 41 21 43 7 42 1 
12 8 19 35 35 9 1 0 11 40 
10 31 22 34 11 2 15 40 17 0 
12 18 18 9 6 7 18 27 20 4 
14 13 9 18 9 5 14 14 0 0 
11 15 19 33 26 18 8 48 28 4 
18 2 1 4 12 9 2 15 5 24 
47 13 4 0 6 10 17 8 8 12 
13 43 19 36 17 8 14 14 16 16 
17 2 35 2 38 1 11 13 19 17 
11 14 9 9 45 11 2 18 12 9 
34 6 18 5 12 17 1 13 27 5 
16 41 14 10 7 14 9 0 1 14 
37 9 29 11 5 17 4 24 23 7 
16 8 15 7 44 16 37 41 12 12 
47 16 15 50 0 50 27 39 2 8 
8 49 9 13 44 43 1 17 15 26 
50 40 14 14 43 8 3 43 7 22 
44 0 42 50 14 7 40 26 3 30 
10 44 14 19 43 0 15 15 13 0 
10 15 6 5 5 7 14 16 5 17 
21 19 6 1 2 16 14 48 10 1 
12 16 42 4 16 16 19 29 14 40 
17 1 14 15 8 10 3 16 39 11 
15 13 37 11 47 2 6 3 13 35 
14 3 27 17 29 15 33 4 17 5 
23 15 18 4 34 0 0 7 3 5 
44 4 30 18 17 16 19 14 18 9 
16 6 26 17 36 16 41 5 9 41 
17 33 29 10 44 30 40 19 16 19 
32 6 33 8 27 19 45 13 16 14 
5 40 36 19 16 17 25 19 39 17 
0 41 18 11 1 9 4 1 5 13 
14 11 24 26 13 18 46 1 0 44 
47 0 17 45 16 12 4 6 10 19 
4 20 46 9 13 14 26 3 0 5 
16 32 7 46 39 42 39 18 24 13 
3 47 8 14 6 27 1 10 36 16 
12 0 15 41 50 8 14 3 24 48 
1 17 19 2 12 44 12 28 19 29 
10 37 23 42 9 36 40 24 11 3 
11 16 17 44 13 44 41 15 28 20 
19 4 35 8 6 4 17 0 29 8 
17 12 7 12 3 4 12 12 2 14 
14 3 11 10 22 18 14 13 3 48 
7 10 15 3 18 9 18 15 24 4 
14 1 28 4 2 12 21 34 12 19 
3 7 7 6 19 11 12 15 10 2 
9 33 7 38 23 18 35 12 13 33 
6 47 5 6 8 24 49 5 22 6 
40 24 16 19 9 11 19 13 31 0 
8 13 14 46 10 0 1 12 19 12 
43 34 1 41 13 16 2 18 26 14 
14 16 15 19 0 30 2 14 12 5 
17 18 10 2 36 37 0 14 34 2 
11 38 3 50 10 38 6 48 30 13 
32 38 9 4 12 24 2 13 11 12 
19 39 17 21 48 7 17 13 7 37 
43 47 18 15 5 29 0 9 1 11 
49 6 28 14 14 13 40 0 21 19 
3 13 18 4 12 6 36 15 0 50 
26 42 8 6 47 6 14 7 19 4 
13 16 4 21 10 9 19 15 50 2 
13 33 11 31 41 5 17 38 1 44 
38 16 6 19 27 9 20 9 13 8 
8 38 40 19 11 4 13 10 3 12 
35 42 14 5 39 44 40 50 3 2 
45 2 43 37 4 2 1 9 45 0 
15 5 5 24 3 14 34 4 32 34 
8 33 1 8 4 36 8 12 4 13 
9 10 9 41 31 29 17 10 22 1 
43 5 31 10 18 0 48 9 2 9 
15 29 22 8 25 10 19 11 18 19 
28 20 0 10 3 19 0 38 14 3 
20 16 12 6 40 17 13 37 46 12 
10 10 48 19 41 37 12 6 0 8 
6 21 7 17 34 16 2 1 11 14 
21 16 3 0 30 15 2 19 2 47 
12 2 48 6 18 16 19 27 9 32 
4 20 9 5 8 16 14 46 16 19 
25 3 16 0 18 7 2 24 9 9 
30 11 14 46 18 22 7 2 17 35 
20 30 11 15 3 37 4 38 1 2 
15 33 12 2 0 12 4 16 18 1 
12 19 5 10 11 17 19 1 1 28 
19 19 5 12 3 15 13 30 33 40 
16 45 7 1 18 37 1 34 10 9 
37 1 13 15 15 3 1 2 37 49 
6 48 3 2 5 18 20 15 4 5 
30 40 11 24 32 15 20 16 47 15 
36 10 22 13 10 22 16 24 6 3 
1 17 40 16 12 3 30 13 16 24 
31 10 37 31 49 3 7 36 15 38 
15 2 37 49 7 7 7 5 42 3 
44 1 19 37 2 19 12 46 1 48 
1 30 43 26 13 40 11 0 26 1 
45 27 14 31 5 6 24 18 0 4 
18 41 18 31 11 22 0 4 6 31 
15 29 7 50 20 45 35 17 18 6 
10 11 0 41 45 40 14 6 18 23 
7 30 8 22 17 25 32 21 9 16 
17 2 35 1 29 11 22 25 21 7 
7 3 37 16 4 9 31 40 16 30 
17 17 31 44 14 15 19 15 17 47 
18 11 36 50 12 5 7 10 42 12 
3 6 13 9 17 36 25 8 7 6 
6 2 17 15 15 50 42 4 3 4 
10 12 41 44 6 13 15 23 44 12 
26 7 18 6 16 13 4 22 7 15 
12 39 14 15 0 8 1 47 3 13 
6 12 16 3 36 9 18 9 33 37 
9 15 17 0 17 11 14 15 8 7 
15 2 7 13 17 7 3 36 44 23 
32 10 44 4 1 8 9 7 40 0 
9 1 3 8 38 2 3 44 25 11 
23 6 21 6 30 11 12 12 48 2 
21 19 7 23 10 11 4 44 25 18 
27 8 49 1 4 12 7 16 46 21 
19 11 21 24 33 26 6 23 10 9 
50 4 15 5 42 48 31 10 0 19 
9 11 25 45 45 30 42 34 41 16 
0 3 20 26 50 14 13 40 17 12 
18 11 4 18 26 27 14 19 11 50 
17 13 14 35 15 49 0 2 7 13 
34 43 1 8 21 8 3 17 7 6 
5 15 41 3 20 4 36 15 17 18 
2 17 11 7 33 12 16 17 8 17 
14 44 42 46 34 1 3 2 16 39 
44 33 33 14 5 16 2 11 46 11 
5 17 4 5 4 31 17 9 8 1 
5 11 16 2 14 1 3 7 13 35 
4 0 31 19 12 6 20 5 8 12 
42 6 14 43 26 19 5 3 11 9 
4 12 16 6 31 9 39 11 0 14 
7 24 16 40 29 15 10 10 14 18 
20 1 0 7 10 0 11 12 7 10 
20 16 8 2 11 30 19 8 45 14 
21 4 8 1 37 18 35 6 4 6 
3 14 3 10 30 14 3 11 50 36 
19 49 2 23 1 9 12 4 10 36 
19 42 32 50 19 13 26 49 22 38 
10 6 11 17 47 15 7 9 7 6 
10 0 32 18 39 9 33 7 14 29 
14 17 10 0 5 20 8 9 9 10 
50 2 5 8 44 4 15 39 45 15 
31 3 7 12 17 6 13 19 32 0 
5 10 13 12 9 21 15 33 42 6 
46 6 47 13 38 19 19 18 49 39 
6 1 16 0 4 4 10 49 1 22 
7 7 6 9 24 48 29 13 26 32 
25 2 9 13 3 8 16 41 47 16 
14 14 34 17 47 14 17 4 32 39 
10 13 11 16 16 14 3 29 11 49 
6 28 10 19 4 6 18 15 9 9 
7 17 18 15 11 16 10 9 3 14 
9 0 49 7 10 15 14 3 3 6 
48 16 12 43 1 11 2 38 23 36 
7 0 6 15 16 6 1 10 48 11 
47 17 16 7 4 0 0 4 11 0 
19 3 3 5 17 19 26 4 29 21 
15 31 16 16 9 19 3 10 11 36 
14 12 39 17 1 49 7 5 4 48 
10 32 15 38 10 27 5 2 41 21 
19 15 17 11 3 0 11 6 14 27 
10 18 4 17 2 2 7 3 35 8 
28 10 39 17 15 8 24 14 1 49 
24 15 4 16 13 13 50 47 10 48 
19 16 4 32 11 45 6 28 17 32 
12 27 22 10 11 45 14 38 18 5 
29 10 13 13 3 6 21 2 2 35 
14 34 32 9 14 22 50 33 6 17 
33 13 18 13 10 46 9 42 35 50 
21 15 6 8 16 50 1 21 23 0 
42 2 43 33 31 31 6 9 19 15 
13 25 12 37 12 25 30 46 13 6 
8 5 11 40 11 4 8 32 13 44 
10 10 18 2 2 5 18 39 19 31 
32 48 18 2 12 14 15 0 49 37 
17 37 18 16 31 10 10 18 47 6 
4 4 33 16 27 19 12 3 17 2 
10 5 17 34 10 24 12 1 30 31 
2 10 17 6 49 45 28 36 21 18 
9 30 11 40 17 32 14 15 15 7 
28 13 2 18 12 2 0 17 3 50 
12 16 16 6 22 15 27 41 9 2 
10 42 40 5 38 13 17 4 27 16 
28 0 9 1 10 33 49 7 33 25 
34 12 34 0 12 2 7 12 6 18 
2 46 23 9 17 4 0 15 36 19 
15 21 1 30 8 13 32 12 15 4 
35 13 12 1 38 0 48 45 3 41 
44 12 14 10 11 48 28 16 10 2 
44 5 37 11 50 14 2 11 4 6 
48 17 34 4 17 12 9 32 37 10 
32 41 7 13 21 16 21 37 0 13 
8 9 7 21 3 17 2 4 8 3 
17 2 30 7 4 5 30 36 7 6 
0 2 16 7 5 30 9 7 8 18 
48 14 8 40 46 33 15 47 9 18 
28 49 11 11 19 3 0 9 6 21 
20 12 3 43 5 34 6 18 15 2 
15 14 20 7 39 15 31 10 26 0 
49 15 10 16 50 30 23 11 30 31 
18 1 5 19 1 13 12 5 8 13 
19 2 17 8 4 18 6 0 24 7 
4 37 31 44 7 15 37 15 19 13 
40 11 14 42 6 29 19 9 49 5 
11 50 4 4 21 18 13 8 5 6 
35 19 1 14 3 12 39 19 16 47 
40 46 7 22 19 15 40 32 12 2 
17 19 42 19 42 15 5 6 8 19 
3 6 47 21 0 23 11 26 11 32 
3 10 0 15 43 41 7 13 40 22 
1 6 5 15 44 17 15 8 5 12 
10 50 17 10 1 43 9 34 6 4 
4 9 9 36 7 6 7 28 10 27 
3 11 2 24 8 13 1 22 13 12 
30 37 10 12 27 14 0 8 17 27 
0 10 2 6 8 15 17 11 45 4 
4 49 2 5 3 4 10 44 25 2 
12 38 15 41 9 8 31 26 18 27 
15 6 18 2 6 0 6 49 19 46 
49 6 0 9 22 23 16 15 0 32 
17 11 8 15 7 41 2 8 13 1 
2 37 46 33 3 12 9 15 0 20 
5 5 34 15 18 13 17 18 17 8 
39 8 10 13 27 14 2 4 16 23 
13 3 11 34 14 17 23 9 16 0 
32 15 23 20 41 1 16 50 22 3 
4 2 15 19 17 10 15 7 24 3 
18 16 37 44 13 6 10 14 21 6 
17 12 25 6 20 16 18 5 32 4 
0 18 9 44 12 16 19 9 10 41 
18 8 14 29 10 12 3 9 14 36 
9 0 19 33 16 3 12 8 19 15 
19 0 2 37 17 12 7 30 32 0 
12 12 10 6 22 41 15 46 1 13 
32 16 12 0 13 16 4 20 0 11 
9 4 15 2 0 14 0 14 19 19 
48 20 11 47 6 12 14 10 42 37 
12 0 33 3 6 40 11 3 12 39 
43 26 13 12 1 39 3 43 6 19 
28 0 8 3 47 14 30 37 29 24 
10 0 16 46 26 15 37 1 31 38 
3 29 4 5 16 17 35 6 7 13 
20 12 4 14 4 15 38 48 45 8 
14 19 30 47 8 22 17 9 2 2 
13 46 12 10 23 11 11 32 45 45 
33 2 10 21 31 7 22 2 13 26 
9 50 11 12 15 3 16 17 9 11 
7 19 9 11 28 11 18 12 22 21 
8 34 10 11 2 37 5 2 6 11 
0 9 16 15 5 2 19 1 6 49 
50 9 10 29 18 11 1 11 0 47 
0 15 9 1 41 16 28 2 44 42 
17 3 12 13 18 16 44 43 24 6 
12 25 43 1 44 49 6 0 22 31 
4 7 28 25 16 40 12 27 28 29 
4 30 11 17 1 5 19 12 9 24 
41 12 50 7 0 25 2 10 13 15 
27 1 8 50 24 32 43 24 19 15 
19 10 15 19 6 48 45 3 12 15 
11 4 49 35 32 17 0 21 29 31 
2 9 47 25 48 26 0 5 40 4 
49 8 45 19 1 20 17 11 14 37 
15 41 2 36 30 8 4 11 46 11 
6 11 43 2 8 19 44 3 1 6 
28 4 23 18 12 33 15 6 1 41 
11 50 7 10 12 13 13 2 41 0 
12 12 12 46 9 39 6 3 6 46 
0 13 35 44 22 0 0 4 15 29 
15 5 10 35 2 38 34 16 13 18 
38 42 43 29 29 6 17 34 39 13 
42 5 44 14 20 0 3 15 24 17 
42 14 15 8 17 31 2 18 5 8 
9 43 23 15 28 4 5 7 6 46 
39 11 1 40 16 24 3 39 36 11 
38 36 14 15 8 14 30 15 18 1 
33 27 2 32 9 2 3 40 7 49 
12 11 7 10 11 5 1 29 10 16 
16 5 49 13 1 3 27 16 22 17 
33 19 20 10 33 23 13 3 1 12 
8 7 33 50 19 34 4 3 16 34 
21 19 10 7 31 11 8 12 36 28 
38 7 15 2 4 10 37 22 15 27 
5 43 13 38 20 31 9 45 10 43 
3 11 45 26 14 12 7 4 32 15 
6 8 18 41 1 4 18 9 49 1 
6 18 20 11 2 7 13 46 18 31 
22 3 15 29 4 2 11 42 33 39 
14 17 36 18 8 6 32 11 3 20 
3 17 9 1 18 11 47 10 44 17 
8 43 10 13 45 5 12 22 36 19 
8 48 50 14 13 32 11 46 31 8 
2 23 47 1 12 13 14 18 12 26 
0 35 39 4 19 35 11 4 18 44 
12 20 8 0 17 8 28 47 5 50 
3 8 13 10 33 27 8 18 7 10 
17 39 16 11 22 16 48 4 31 40 
41 50 3 4 46 7 2 10 26 12 
10 48 18 49 18 10 17 45 14 30 
34 8 18 20 13 17 9 6 8 14 
0 6 13 11 9 37 1 3 11 8 
15 10 6 43 19 37 0 11 8 30 
35 13 6 1 17 4 45 28 6 15 
4 4 7 31 15 2 10 48 11 38 
33 3 40 2 11 27 13 3 1 23 
8 0 5 33 34 16 18 19 44 16 
9 41 15 15 9 13 11 13 13 9 
47 2 25 20 15 2 2 19 19 22 
28 41 10 20 7 0 5 5 2 13 
16 7 14 7 17 5 19 16 1 33 
1 8 15 17 1 17 13 8 10 16 
28 20 17 2 16 21 43 49 34 8 
34 18 18 10 18 11 3 40 17 7 
16 9 1 15 20 4 17 2 17 37 
33 6 17 8 12 10 7 1 25 11 
15 10 35 7 9 43 17 18 16 16 
10 34 26 8 10 35 12 12 2 11 
0 8 50 48 28 6 5 7 49 15 
3 1 15 12 10 4 19 1 19 20 
17 23 18 8 16 8 17 28 9 7 
6 13 37 23 7 4 15 8 1 5 
12 49 5 15 50 17 17 18 9 13 
0 6 30 1 16 17 16 10 0 4 
12 14 7 46 13 29 9 31 3 5 
2 16 8 14 40 50 20 0 19 36 
50 34 39 7 48 4 15 10 14 14 
13 17 5 9 32 31 36 19 14 16 
48 2 12 9 37 2 0 11 36 11 
14 14 1 50 7 13 5 17 0 17 
50 5 19 34 10 12 9 1 5 0 
18 14 19 14 33 25 15 14 10 13 
4 30 15 13 45 0 41 18 0 12 
38 2 9 19 0 18 19 7 0 8 
28 6 5 40 19 36 42 3 14 3 
0 10 12 4 13 19 1 12 41 14 
2 18 7 4 13 39 12 18 16 2 
12 6 25 49 49 1 0 17 48 41 
39 32 6 1 41 0 40 8 3 24 
17 17 2 2 20 3 44 48 23 16 
3 11 5 4 16 9 42 34 0 5 
20 1 11 5 4 3 8 8 5 13 
47 7 13 18 43 15 24 18 6 20 
5 23 30 11 15 45 31 19 41 4 
16 43 3 40 19 6 5 10 7 1 
17 26 3 45 14 17 34 12 40 1 
6 12 18 43 40 19 10 24 31 30 
21 11 42 15 27 5 17 31 16 47 
19 0 22 3 12 9 36 2 9 12 
4 15 39 41 6 10 11 11 1 16 
11 20 19 8 30 15 4 9 9 33 
37 16 15 47 15 4 10 36 47 3 
4 16 40 2 11 7 46 14 3 15 
1 13 20 38 19 37 16 6 31 17 
50 36 44 32 9 15 14 34 19 34 
4 19 6 35 18 1 15 10 6 38 
11 16 16 14 13 6 1 6 2 39 
47 1 11 9 39 6 13 27 14 9 
19 18 42 41 35 39 32 17 7 10 
7 9 19 2 2 43 3 7 3 3 
14 19 0 23 12 10 50 5 2 7 
2 24 7 8 13 14 13 49 16 19 
16 19 1 0 12 5 14 16 47 34 
17 10 11 16 15 13 15 12 45 12 
15 14 12 7 10 1 15 18 7 16 
8 13 0 16 4 39 15 31 7 18 
12 12 14 8 36 9 8 18 9 19 
5 28 25 15 3 39 19 11 19 14 
40 31 17 19 12 11 9 37 1 5 
12 12 17 4 13 6 18 38 0 9 
32 12 1 13 1 40 40 43 45 15 
18 18 10 11 2 16 19 28 8 4 
4 13 12 10 9 32 12 50 4 16 
12 38 6 13 7 39 6 12 42 21 
25 1 19 8 3 27 7 4 43 2 
32 18 25 9 43 11 8 17 41 17 
16 8 13 13 38 10 33 4 44 32 
46 34 36 10 20 13 9 13 32 13 
11 48 1 33 12 8 3 3 16 4 
24 11 48 43 10 16 30 19 7 10 
40 46 15 19 8 14 13 50 45 8 
6 16 29 38 9 29 18 15 15 5 
22 5 21 6 18 40 2 2 17 6 
18 38 8 13 23 3 19 7 40 17 
11 2 13 20 18 17 46 8 34 4 
10 31 6 18 5 11 14 11 19 8 
43 44 7 50 28 18 4 5 19 37 
10 4 12 14 23 9 19 4 30 38 
47 12 13 2 8 9 44 34 47 29 
23 23 15 16 44 8 16 42 0 15 
4 18 1 15 6 40 6 21 42 11 
35 2 8 13 19 18 11 5 0 9 
1 8 14 49 13 1 29 41 23 4 
1 18 45 0 8 47 50 3 19 8 
40 12 19 7 11 24 45 37 4 6 
19 14 11 19 15 31 7 6 4 19 
8 3 50 14 5 28 1 19 23 13 
2 18 6 1 0 18 20 17 19 7 
15 8 14 9 38 6 2 17 5 46 
50 6 27 0 10 7 26 32 8 27 
5 9 11 6 17 27 38 42 16 16 
17 19 3 18 31 9 14 2 4 18 
4 16 8 7 5 27 7 10 19 14 
9 10 18 0 1 11 5 3 16 17 
8 0 18 33 5 15 15 12 9 20 
18 1 33 1 16 48 11 3 3 9 
10 7 4 12 40 15 4 19 15 16 
12 5 10 28 19 19 25 0 25 8 
1 18 5 40 12 27 17 19 20 39 
10 13 12 6 19 11 18 10 22 28 
7 16 14 17 6 5 15 13 9 21 
8 7 16 1 3 28 12 21 16 4 
8 12 5 33 9 0 12 33 44 2 
4 14 9 2 28 31 11 12 13 7 
4 8 44 5 1 2 46 20 6 6 
44 5 36 50 10 6 35 7 47 14 
30 11 13 25 8 19 16 13 43 9 
17 8 29 3 9 0 14 0 32 29 
45 5 5 6 5 6 14 22 0 26 
5 19 19 26 49 22 1 25 16 0 
0 46 35 12 16 34 9 39 38 5 
35 26 15 37 31 11 16 15 42 18 
19 30 4 16 15 8 5 19 19 15 
14 13 3 16 6 7 35 28 1 19 
18 25 15 16 4 16 19 23 8 3 
15 6 10 1 23 10 16 4 35 17 
48 3 0 3 43 11 13 24 13 2 
7 0 19 7 14 10 13 37 1 9 
34 40 34 15 0 7 29 11 2 16 
3 10 17 37 11 8 15 37 16 9 
12 50 12 14 10 41 3 49 16 10 
12 0 7 40 9 19 27 29 11 15 
45 15 16 14 42 7 2 15 10 45 
3 7 8 33 5 14 47 15 5 16 
3 2 19 39 1 13 9 1 41 24 
33 6 13 10 36 4 33 13 17 11 
50 3 26 1 46 41 6 44 7 7 
18 38 8 14 27 9 40 14 16 22 
8 11 47 50 8 16 5 14 25 0 
36 11 3 5 19 18 40 8 15 1 
8 8 31 1 29 15 19 11 15 50 
19 19 9 22 12 39 15 34 29 6 
35 18 29 5 12 7 36 1 38 15 
16 4 6 8 4 15 5 19 32 30 
32 18 3 0 6 3 10 28 6 19 
50 19 50 15 0 25 7 41 12 38 
16 19 5 22 50 24 15 49 17 13 
17 22 26 10 16 4 2 0 3 42 
12 19 28 8 35 7 0 9 21 11 
4 1 6 8 13 0 13 30 37 26 
0 30 32 5 17 44 16 1 27 27 
2 18 39 12 16 42 2 22 0 17 
2 16 1 5 47 4 18 4 19 17 
8 16 14 2 17 17 6 8 13 32 
2 4 37 11 11 9 11 19 33 15 
19 33 39 10 7 19 2 26 12 0 
28 44 19 10 10 20 2 18 17 40 
9 14 9 23 29 3 43 31 17 3 
28 6 5 21 14 49 14 3 5 10 
11 2 46 6 1 18 2 23 13 1 
31 26 3 15 37 50 27 28 2 4 
3 5 22 32 5 29 4 30 19 5 
18 0 9 15 7 2 50 20 14 6 
47 11 13 4 16 12 35 12 48 15 
2 36 49 9 4 17 50 11 40 28 
12 13 46 16 7 12 8 43 19 39 
19 29 41 35 5 6 16 44 13 1 
40 30 12 7 15 19 31 14 32 18 
15 24 29 12 29 4 9 50 11 47 
1 18 16 14 1 41 24 8 31 30 
9 38 22 11 2 8 22 42 19 38 
12 30 16 7 18 8 40 14 0 46 
13 48 36 50 16 1 5 13 15 6 
18 16 16 25 2 17 31 13 2 47 
26 19 19 5 48 17 17 22 8 7 
36 13 1 11 19 16 13 3 7 0 
1 15 3 4 7 21 7 18 3 1 
11 38 2 14 16 15 21 17 30 48 
6 49 13 18 8 34 1 9 0 2 
17 1 13 7 11 20 29 21 15 17 
17 25 0 0 11 5 16 18 13 20 
9 40 7 11 45 5 16 13 7 10 
50 12 3 47 14 16 5 9 15 42 
19 14 4 30 5 4 11 15 17 19 
41 19 16 3 16 4 2 17 18 1 
8 1 29 12 12 19 18 16 7 32 
29 12 21 30 18 0 3 9 6 0 
3 13 11 8 13 2 1 32 34 2 
15 16 5 12 20 3 17 33 44 37 
13 1 31 32 34 32 5 0 9 14 
48 13 9 6 15 9 3 30 4 1 
18 49 8 46 8 4 7 13 14 11 
12 7 35 38 7 19 2 16 0 9 
46 44 29 12 3 19 10 5 37 23 
41 19 12 16 18 8 7 7 14 3 
13 5 47 22 17 7 3 49 6 5 
17 34 27 7 9 44 7 30 43 8 
17 6 13 43 13 47 6 37 38 14 
20 9 14 4 27 5 2 10 18 3 
31 7 49 12 4 0 48 34 27 27 
1 34 13 19 11 24 6 7 9 22 
19 47 8 6 19 5 12 4 9 46 
38 42 6 4 4 2 37 12 13 12 
31 8 18 1 48 1 6 12 0 42 
8 5 26 40 31 6 4 11 36 46 
4 14 13 12 15 4 30 43 6 45 
15 50 9 38 50 28 41 16 16 6 
12 17 47 8 7 42 10 36 25 45 
14 5 2 22 17 17 1 9 7 5 
4 19 18 16 17 6 19 6 47 3 
47 47 2 15 44 2 3 14 26 11 
10 7 41 9 16 1 8 5 19 4 
31 15 48 14 29 31 20 11 15 3 
0 29 28 4 11 6 19 8 22 43 
25 4 5 3 1 14 6 2 17 16 
28 13 3 10 27 16 7 43 9 11 
13 0 11 23 3 16 4 10 15 16 
8 16 34 11 3 8 6 43 1 37 
14 1 18 44 6 6 11 10 4 4 
16 19 3 8 0 9 18 25 10 17 
3 6 29 9 17 40 15 1 8 15 
16 0 21 3 4 14 6 29 17 31 
10 15 8 14 16 20 21 15 9 48 
8 18 15 17 16 2 30 47 15 2 
6 9 9 17 26 9 32 48 33 3 
30 4 17 8 35 11 49 13 11 17 
26 11 16 18 39 45 47 3 32 19 
44 8 15 19 27 9 1 10 11 19 
5 12 18 36 5 25 12 0 4 35 
3 0 6 11 12 1 18 19 0 20 
14 37 25 14 30 7 35 6 50 3 
7 7 14 35 27 16 16 41 0 22 
2 5 2 1 19 15 2 23 8 2 
17 17 10 1 15 13 35 6 22 2 
17 46 13 14 14 47 15 0 8 36 
10 9 10 12 1 29 33 15 1 15 
48 32 15 15 46 32 7 11 17 3 
49 12 48 39 7 9 12 17 31 24 
7 14 16 15 6 16 19 11 13 28 
8 3 12 23 43 6 26 8 38 36 
20 5 45 12 17 18 11 4 27 16 
13 11 12 4 0 10 26 26 8 17 
40 16 10 18 12 0 7 3 30 5 
8 12 3 14 17 35 12 0 25 41 
8 15 16 29 15 2 10 40 37 16 
16 35 3 9 18 9 49 12 0 2 
34 7 18 41 4 19 10 6 23 34 
19 9 15 8 0 18 4 13 3 17 
7 43 34 16 15 45 18 14 5 12 
47 16 15 9 50 11 12 7 28 17 
8 14 1 12 13 8 10 1 38 17 
47 29 21 18 31 43 13 8 8 21 
35 26 18 0 9 14 47 34 32 13 
11 2 17 12 25 19 45 46 49 24 
22 44 11 14 7 16 4 2 16 1 
6 34 27 12 19 23 13 2 18 1 
4 46 14 11 26 6 17 30 12 33 
11 17 1 20 18 17 15 1 21 11 
6 8 3 11 18 10 9 4 49 16 
21 1 0 30 8 12 2 2 44 4 
0 0 5 34 5 11 8 15 6 10 
41 20 29 8 3 18 31 11 8 35 
18 45 7 11 42 8 3 8 19 5 
48 47 11 43 43 1 14 15 0 8 
13 0 43 34 6 1 32 43 7 3 
1 5 17 50 48 7 21 3 8 7 
0 19 13 44 9 13 14 47 1 11 
6 28 22 18 13 10 14 1 5 26 
32 9 41 40 49 18 50 10 4 11 
17 20 26 0 14 32 35 35 33 6 
26 19 24 19 26 45 7 9 4 10 
49 6 18 17 4 14 5 32 0 6 
39 16 16 40 7 24 21 6 13 36 
1 11 46 6 6 4 41 42 33 15 
17 6 39 20 27 49 39 16 6 11 
33 44 34 0 39 34 19 39 18 23 
11 18 13 16 48 3 5 12 3 8 
17 46 26 34 40 14 35 48 16 36 
15 5 0 45 9 10 17 46 19 19 
33 7 13 1 0 8 9 16 13 18 
0 39 26 40 6 41 37 24 2 4 
7 8 12 5 21 11 18 50 18 9 
50 8 1 15 1 34 38 40 16 7 
29 19 16 15 23 3 34 26 17 3 
10 4 33 4 19 13 13 13 30 28 
13 24 2 13 5 0 1 14 40 13 
1 15 14 1 10 5 13 4 18 41 
3 9 25 13 48 40 15 20 11 1 
1 45 17 19 2 10 17 9 14 49 
34 15 4 18 20 5 3 43 14 37 
14 9 3 12 4 6 40 46 49 31 
1 3 0 49 14 13 9 18 44 9 
22 7 1 11 39 5 27 11 2 8 
40 10 19 11 4 6 3 3 17 14 
6 41 8 0 5 7 10 13 1 14 
2 25 2 18 20 18 46 24 48 14 
22 14 30 42 19 13 7 10 14 43 
16 11 34 0 13 13 37 20 8 2 
15 2 6 28 19 9 3 47 23 48 
44 2 7 15 20 0 2 10 10 22 
0 14 11 48 1 17 9 2 14 12 
48 17 0 6 18 7 1 47 11 48 
11 4 48 9 24 7 6 9 4 24 
2 16 19 43 21 4 2 13 42 18 
35 4 0 19 4 33 7 34 6 5 
32 45 45 36 16 12 13 43 13 13 
7 0 3 42 7 2 23 49 42 13 
47 39 34 45 27 18 39 11 3 10 
0 15 50 6 4 4 0 7 13 45 
42 9 19 44 3 45 16 10 37 35 
12 37 16 9 16 39 45 13 8 3 
38 43 42 29 18 28 22 17 31 9 
1 27 11 9 24 14 30 39 29 22 
9 7 1 13 4 11 6 15 37 37 
19 48 19 9 10 4 31 48 12 10 
0 11 32 25 20 7 25 40 1 29 
19 14 44 18 6 17 4 8 5 7 
5 12 19 44 2 9 33 8 2 15 
30 34 17 25 2 3 38 5 10 13 
34 5 3 11 17 1 9 4 10 23 
40 2 14 15 11 40 8 26 10 33 
11 46 13 16 14 9 9 30 4 18 
14 9 50 29 5 17 19 2 4 16 
27 11 19 9 13 16 14 31 6 45 
19 1 3 4 14 15 5 8 0 7 
43 3 5 43 0 1 13 24 4 13 
23 43 4 19 29 20 14 17 19 46 
16 11 12 7 2 8 8 6 16 15 
48 11 11 46 4 22 10 9 32 43 
5 7 23 10 36 13 11 15 9 11 
48 3 48 12 7 48 3 15 43 3 
38 11 45 6 8 18 12 10 13 9 
4 8 12 5 40 18 49 12 27 36 
7 12 6 47 34 5 4 9 33 29 
11 24 13 0 2 1 18 38 2 14 
11 47 45 6 15 7 44 50 27 5 
11 16 19 5 19 28 45 0 6 19 
11 19 27 26 4 7 2 9 10 0 
7 18 29 2 44 45 42 5 36 0 
42 45 19 35 27 24 6 20 10 45 
0 28 10 19 14 2 22 8 38 29 
16 18 15 8 17 24 7 12 11 28 
49 29 8 20 17 10 23 0 9 18 
18 48 12 9 14 26 10 23 50 13 
16 41 8 16 8 18 15 49 10 38 
50 11 19 13 43 18 16 10 48 31 
1 1 25 42 28 3 18 13 6 45 
11 8 13 9 12 35 2 41 32 5 
10 47 11 16 10 5 20 27 5 21 
0 21 27 6 8 4 16 25 6 0 
16 6 13 19 8 4 11 36 7 8 
49 9 50 8 11 13 17 18 45 0 
17 11 3 20 13 12 1 36 8 3 
43 21 17 6 6 11 24 13 18 13 
12 5 16 45 21 43 34 22 6 14 
9 45 48 12 4 13 6 2 10 6 
16 18 16 20 3 7 30 27 27 7 
11 4 3 12 17 0 4 12 11 9 
50 48 17 5 5 12 7 41 18 0 
47 13 9 9 19 1 45 1 7 12 
37 26 13 22 7 23 3 11 40 7 
31 10 12 19 10 12 11 38 9 17 
8 47 42 0 47 1 34 22 28 3 
12 16 32 14 7 7 18 3 14 10 
14 48 14 3 18 36 23 4 41 14 
34 44 24 1 17 11 14 13 10 4 
6 7 15 1 22 12 18 7 8 11 
50 40 16 4 10 9 39 13 33 19 
34 11 15 48 17 5 39 14 6 10 
36 49 38 3 14 7 10 19 1 50 
16 1 16 16 22 46 19 28 13 2 
17 2 12 5 10 31 9 8 9 17 
15 8 0 20 21 12 1 11 4 14 
4 14 9 18 15 14 29 5 8 21 
9 17 9 4 15 7 14 12 10 7 
6 12 3 14 17 21 2 10 7 10 
9 9 39 11 12 5 13 19 14 12 
4 19 0 14 43 38 4 3 8 5 
26 44 22 13 14 6 18 16 10 22 
0 36 19 23 15 7 16 16 7 11 
14 5 11 13 13 2 17 1 4 49 
42 18 15 4 1 4 14 18 32 37 
17 28 49 4 1 32 9 14 8 0 
24 19 19 30 8 12 21 12 32 17 
44 9 23 10 10 5 10 15 35 17 
12 38 7 12 13 3 18 17 5 10 
45 9 16 42 6 11 4 10 29 5 
5 42 4 10 8 20 45 23 7 45 
0 2 9 41 5 32 34 19 5 7 
49 8 35 12 50 1 18 41 8 27 
28 30 19 19 38 0 13 42 3 26 
14 48 19 12 13 13 7 6 43 2 
0 20 8 23 0 17 15 15 29 25 
0 13 42 3 19 13 20 41 14 7 
24 25 13 6 8 1 15 36 17 38 
19 19 20 6 40 15 13 32 3 16 
27 31 1 0 48 1 35 50 11 4 
45 31 3 41 6 19 41 8 32 8 
13 1 28 45 10 15 10 19 10 35 
9 37 17 7 0 34 48 12 3 1 
8 4 8 9 3 13 14 8 2 29 
38 3 3 36 25 9 19 14 14 35 
18 11 2 43 1 11 13 13 41 9 
6 5 21 12 34 38 1 9 17 18 
27 16 15 12 44 31 15 19 42 26 
2 27 9 5 19 18 0 13 19 41 
19 15 10 5 19 8 11 19 41 40 
18 5 12 41 8 21 14 9 2 50 
4 46 47 8 0 1 13 13 12 42 
2 36 7 42 2 16 49 6 7 29 
48 5 16 13 0 19 18 19 33 12 
3 4 10 15 48 43 9 3 2 20 
8 7 10 37 23 5 45 41 5 0 
16 4 19 26 16 8 7 45 16 18 
7 13 5 13 27 36 9 15 3 5 
0 46 20 11 33 6 18 31 15 7 
10 4 18 15 8 18 6 28 45 6 
8 18 47 47 12 2 31 5 1 2 
14 0 16 13 33 4 4 2 2 16 
7 7 1 16 0 6 28 14 50 2 
2 39 17 23 16 4 14 10 7 14 
11 3 9 6 18 17 24 12 35 7 
2 4 15 6 0 29 15 34 18 42 
10 0 14 11 9 19 26 17 24 26 
18 12 38 4 37 8 7 5 1 23 
43 4 16 26 11 11 2 24 50 30 
2 47 3 2 17 8 15 20 3 40 
4 12 15 10 5 0 18 14 27 33 
0 0 3 18 36 12 46 19 19 13 
7 1 20 9 11 4 23 45 12 42 
15 26 18 9 5 10 15 36 12 45 
15 19 17 11 7 26 12 6 11 25 
4 13 8 0 8 25 17 12 35 36 
6 0 46 9 1 31 16 41 14 15 
11 19 16 17 1 11 49 2 3 14 
45 0 19 36 12 22 14 45 30 40 
47 1 14 6 14 3 6 13 10 16 
10 18 20 6 4 8 41 13 9 18 
0 24 30 0 43 29 12 35 10 17 
14 9 33 24 46 18 48 42 32 39 
42 18 43 29 10 3 7 10 8 0 
12 18 37 18 16 7 9 32 47 9 
1 2 14 18 9 24 11 13 17 25 
6 11 6 3 3 0 25 32 8 32 
10 11 46 17 45 15 13 7 24 19 
24 12 2 1 31 10 2 23 0 0 
47 46 15 22 50 28 18 32 0 49 
10 41 47 11 18 15 6 20 11 31 
24 3 18 13 15 36 18 19 36 3 
4 19 3 39 32 1 15 6 29 19 
13 2 9 11 12 15 17 8 32 19 
8 39 16 12 3 7 19 2 44 15 
17 16 13 15 10 25 6 9 3 11 
7 10 9 13 43 6 37 13 21 5 
19 32 2 2 19 26 13 18 25 13 
40 32 10 14 19 26 5 15 39 18 
50 31 30 0 16 2 25 24 7 15 
12 39 31 5 17 34 18 12 6 27 
3 19 0 48 15 21 19 42 39 27 
2 6 9 24 2 3 40 2 16 0 
12 1 15 1 15 13 48 9 17 38 
18 13 14 32 3 50 48 19 10 0 
9 12 10 17 45 38 40 17 19 39 
2 14 13 31 5 17 2 15 6 47 
10 27 5 1 9 5 5 2 21 46 
0 16 14 15 11 19 11 17 6 17 
5 28 17 14 48 1 1 12 5 10 
48 32 14 34 37 2 14 6 12 15 
18 1 4 25 7 9 13 11 22 24 
30 50 37 17 6 0 48 18 18 20 
19 32 11 8 19 10 10 42 11 29 
16 41 34 19 16 17 22 8 5 34 
7 2 5 14 39 30 17 48 0 17 
6 9 10 43 28 36 11 26 14 4 
8 19 7 33 3 19 18 36 11 17 
19 25 25 40 17 2 3 20 17 16 
3 12 11 39 14 4 46 6 0 14 
8 7 12 3 4 3 10 11 16 17 
50 46 24 7 20 26 41 15 13 14 
34 6 13 36 17 14 10 6 18 45 
4 26 2 14 14 7 6 11 19 30 
34 40 43 4 12 11 29 5 18 6 
13 10 4 38 45 19 47 3 17 1 
27 9 4 7 12 7 10 2 1 3 
8 12 38 17 11 8 38 12 10 3 
17 46 28 14 4 13 1 30 49 2 
15 30 4 9 3 16 13 18 11 8 
47 32 16 28 16 0 16 6 7 0 
34 43 27 3 18 49 6 7 44 11 
48 49 11 3 18 29 2 17 2 12 
16 5 4 17 29 1 10 29 49 48 
42 12 6 37 1 40 6 17 11 13 
39 1 17 7 15 50 43 4 44 25 
6 0 8 41 17 4 11 11 4 40 
16 8 12 4 9 39 23 37 24 5 
21 38 7 1 1 5 14 11 26 18 
44 17 11 34 38 16 9 16 5 9 
14 35 10 50 13 45 27 33 37 2 
14 27 4 2 13 12 4 1 9 1 
1 6 17 2 5 8 46 7 12 10 
16 13 9 5 26 5 8 34 2 1 
28 7 15 12 14 7 1 2 17 11 
30 11 9 17 12 14 5 3 37 41 
26 41 17 11 25 14 5 10 4 45 
5 10 6 3 41 26 17 2 4 21 
16 13 7 18 13 13 8 12 15 12 
7 19 11 24 0 8 17 13 19 9 
43 7 24 32 7 3 19 29 16 13 
28 43 10 9 8 6 9 16 12 26 
13 4 1 5 35 40 17 19 45 16 
18 7 3 5 14 15 19 4 27 3 
2 32 10 3 21 40 20 19 47 7 
21 29 2 12 16 33 50 7 10 9 
34 5 7 4 11 29 4 37 22 8 
47 36 5 8 10 14 11 31 12 18 
1 19 14 18 6 19 9 8 47 38 
45 6 31 3 14 15 8 9 47 16 
7 3 21 14 11 23 9 38 1 4 
9 16 27 7 10 9 14 13 10 33 
0 8 4 7 12 14 0 6 0 46 
4 19 37 0 12 40 46 25 23 9 
17 31 19 6 13 8 8 3 9 0 
5 1 9 10 14 18 4 9 2 37 
26 11 17 2 43 6 17 27 1 8 
15 19 44 18 12 12 3 12 5 40 
20 4 0 3 18 47 35 37 16 9 
29 9 6 10 3 35 3 31 17 15 
16 11 41 1 21 3 1 10 50 9 
45 29 24 8 16 50 13 7 5 19 
49 28 38 17 50 14 18 8 19 48 
13 6 24 20 1 45 14 33 30 4 
18 10 5 1 0 50 9 7 37 19 
27 2 4 11 7 17 27 18 12 18 
3 1 30 4 11 11 38 7 17 13 
9 12 25 19 11 4 1 6 4 14 
13 47 17 1 12 23 16 31 48 13 
2 1 17 15 24 4 41 3 46 8 
1 2 18 50 4 0 39 47 45 18 
15 49 43 7 19 18 15 8 5 32 
0 15 12 19 5 38 44 12 14 9 
17 7 43 9 41 16 14 43 5 12 
38 12 49 28 47 13 10 15 44 9 
50 2 42 2 7 9 8 21 19 13 
26 4 8 41 2 6 13 40 13 27 
14 12 10 50 2 11 39 14 32 8 
28 17 10 18 2 19 5 12 14 19 
15 6 2 12 6 37 13 8 16 18 
11 50 0 16 47 12 19 16 7 19 
15 8 2 4 45 41 21 27 14 23 
39 12 19 5 44 19 6 33 11 15 
8 2 8 10 3 16 23 16 48 5 
29 0 11 11 33 4 34 17 11 16 
5 12 36 9 8 49 12 32 8 46 
31 5 11 16 38 7 2 23 1 14 
14 49 2 6 4 0 19 21 10 11 
24 8 9 12 25 25 4 46 48 10 
17 12 7 1 45 9 18 11 27 15 
4 19 28 11 17 48 7 19 33 40 
16 10 11 6 18 14 8 17 4 10 
46 5 5 10 13 1 29 1 18 4 
2 30 12 18 6 20 47 12 3 34 
12 3 33 19 35 2 38 6 16 13 
6 46 42 11 19 9 1 0 16 2 
0 42 5 6 6 13 24 7 19 10 
6 12 14 38 4 13 1 36 20 19 
31 15 1 11 11 36 20 6 21 7 
5 13 4 14 19 33 45 16 21 1 
1 35 6 8 31 7 30 43 11 18 
12 8 45 1 11 11 19 7 13 13 
2 43 13 12 29 8 33 15 2 0 
14 2 23 32 1 17 26 24 6 12 
41 35 23 46 5 16 4 19 18 15 
33 18 27 19 11 33 0 37 1 21 
14 31 14 3 4 36 11 18 9 3 
30 2 14 15 15 14 12 50 11 13 
7 26 4 15 6 8 6 7 10 13 
1 7 27 18 42 10 16 42 5 8 
28 24 12 1 20 9 4 28 0 42 
15 26 13 27 8 12 7 19 7 9 
17 11 0 7 18 0 4 1 14 16 
5 8 46 35 6 33 1 2 8 13 
38 19 1 0 1 17 17 5 44 21 
3 13 16 3 10 9 31 1 43 4 
29 23 11 39 13 7 7 18 27 8 
34 2 50 6 9 7 4 2 17 4 
0 45 1 36 1 5 7 26 10 2 
8 41 5 3 19 9 50 5 1 39 
9 29 15 6 13 12 41 4 39 2 
22 27 12 7 14 50 22 16 18 12 
4 9 13 11 0 12 37 6 17 10 
16 4 35 30 17 5 1 2 50 0 
36 12 3 35 3 10 2 12 18 8 
1 28 10 12 4 2 18 13 16 11 
5 8 12 3 9 44 36 6 7 33 
19 19 49 26 13 9 15 3 17 29 
33 1 29 0 19 12 1 25 8 34 
17 5 9 3 10 43 39 43 29 36 
29 34 2 15 0 13 45 31 12 6 
21 48 20 37 6 0 5 6 3 1 
43 5 16 12 25 17 3 18 17 17 
38 33 2 27 6 26 45 47 12 4 
24 44 16 11 43 30 44 24 15 10 
18 21 4 14 15 37 7 19 17 5 
14 45 18 6 26 10 15 13 35 3 
23 29 12 17 6 10 19 41 0 3 
4 0 18 6 26 5 3 1 5 19 
39 18 3 40 6 7 40 8 11 41 
17 8 7 7 5 47 36 12 48 41 
16 6 1 0 4 18 18 4 15 2 
36 8 14 6 23 12 14 19 26 10 
11 4 47 48 1 20 6 24 16 32 
19 16 9 32 4 47 31 17 6 19 
3 1 9 18 9 15 0 11 42 40 
35 16 32 14 31 6 14 0 5 5 
7 13 0 6 29 30 21 28 11 30 
2 15 38 0 28 0 5 39 5 18 
41 34 49 13 9 6 39 23 5 8 
12 31 29 9 21 0 32 14 7 38 
4 17 9 12 19 24 3 18 14 1 
29 45 50 14 48 43 4 32 12 24 
30 37 8 13 0 25 6 12 10 6 
44 6 27 38 3 15 38 7 10 14 
4 46 17 19 33 17 8 42 4 11 
13 10 12 11 7 38 42 4 20 15 
23 8 1 38 6 50 23 9 7 15 
14 16 0 48 3 45 7 50 3 10 
12 11 32 12 9 13 3 42 22 1 
18 4 25 14 4 49 14 1 15 12 
17 41 7 3 17 8 13 15 5 28 
3 15 40 15 3 2 38 8 1 13 
36 16 30 0 48 16 6 14 10 14 
15 34 18 36 8 6 23 20 34 22 
17 19 11 29 5 7 9 8 11 23 
13 0 2 17 0 15 39 9 8 11 
5 32 11 0 15 5 20 5 11 11 
12 4 13 0 10 8 29 3 37 32 
5 8 13 37 48 14 2 34 4 12 
4 8 14 13 46 17 37 29 46 9 
19 4 44 14 34 3 44 9 13 12 
2 14 3 26 18 3 10 47 17 0 
39 19 32 39 10 32 15 4 10 12 
18 25 40 13 5 48 6 7 5 15 
4 7 5 13 50 21 7 47 46 2 
11 15 7 14 4 11 30 38 18 5 
42 10 39 30 5 9 47 9 2 3 
15 0 33 7 3 18 41 15 7 46 
23 30 28 10 0 35 5 45 45 1 
3 27 15 48 21 33 6 5 14 5 
13 6 14 13 7 20 5 3 11 19 
11 49 0 0 22 11 16 14 23 13 
49 17 6 8 36 9 6 15 3 11 
45 19 8 4 25 0 28 15 37 38 
47 1 45 11 9 25 47 45 3 4 
27 44 16 49 13 0 12 9 5 10 
0 18 19 8 0 12 49 0 12 14 
1 1 34 10 9 5 6 1 12 4 
41 14 1 44 41 5 13 19 17 17 
40 3 0 3 10 34 2 14 42 37 
41 8 45 21 40 11 3 1 15 18 
14 19 13 1 26 10 18 8 26 9 
32 34 15 45 13 12 44 18 18 0 
19 44 2 9 18 46 43 3 44 34 
11 4 14 18 16 23 8 49 42 14 
3 6 7 13 17 6 6 39 18 12 
13 44 36 18 19 1 18 6 15 2 
0 17 18 22 36 12 29 2 5 18 
29 12 11 19 17 5 7 12 0 5 
0 17 16 14 5 2 14 12 11 40 
3 14 2 8 8 3 3 9 15 5 
40 14 20 13 35 0 26 10 4 46 
24 33 12 4 43 9 0 8 16 2 
30 5 19 19 4 42 1 33 17 14 
49 13 34 12 9 10 49 15 1 6 
27 31 12 10 3 46 45 8 7 10 
17 14 4 1 35 13 12 14 44 7 
18 2 5 11 12 10 6 1 11 27 
2 16 18 8 32 4 3 4 15 17 
26 1 0 49 17 8 20 27 9 7 
28 9 7 21 12 14 1 8 4 28 
16 47 5 25 46 12 8 1 17 13 
8 11 12 15 11 0 7 11 30 15 
0 6 47 2 17 6 16 18 33 1 
30 49 16 14 15 46 31 23 12 2 
19 3 19 17 16 11 41 0 17 15 
43 11 3 5 12 28 19 11 35 38 
1 7 8 8 27 38 19 10 18 4 
10 13 38 26 17 7 19 18 47 31 
36 17 36 23 39 26 7 3 26 1 
37 37 42 3 2 15 13 14 0 6 
15 1 26 48 9 17 12 16 13 6 
12 10 10 35 6 28 12 3 25 25 
33 6 8 14 5 9 0 7 7 17 
15 15 10 17 15 36 41 8 30 2 
7 7 29 14 39 25 9 7 36 15 
11 11 4 7 13 14 18 15 20 48 
5 42 14 38 0 7 40 10 2 19 
14 38 10 45 7 17 5 17 50 25 
3 35 18 4 8 7 9 31 48 6 
0 9 23 9 5 3 14 8 30 50 
4 19 14 6 10 7 14 31 47 12 
48 2 31 17 25 47 3 41 18 13 
30 3 3 20 8 13 33 5 13 0 
28 47 39 0 7 4 11 4 8 13 
6 18 7 5 9 5 2 19 19 19 
29 11 5 28 19 12 32 50 11 11 
14 36 50 7 1 8 7 3 5 38 
0 15 17 10 22 18 9 8 17 17 
15 2 9 24 13 16 10 39 19 19 
11 48 17 9 30 15 19 34 6 13 
18 43 22 6 10 11 36 10 12 22 
36 14 34 32 25 2 3 11 25 8 
8 42 16 14 10 0 2 21 7 10 
3 10 5 24 10 43 5 6 2 17 
43 10 10 15 5 17 3 8 6 19 
17 7 14 16 28 5 19 3 13 15 
9 45 4 14 3 1 17 7 14 9 
8 19 14 10 36 4 38 16 38 23 
6 23 12 50 16 46 15 48 14 18 
21 8 48 27 39 42 1 13 0 48 
7 6 47 41 47 22 0 33 32 12 
13 26 26 43 0 7 26 17 46 19 
16 8 17 12 39 12 36 27 8 0 
1 10 6 8 7 50 18 39 42 8 
15 10 31 38 19 15 13 10 9 12 
16 13 12 19 31 1 32 5 13 20 
4 21 8 3 15 6 5 14 29 18 
16 8 13 7 18 4 9 49 12 40 
9 0 35 49 18 17 32 10 7 9 
16 19 32 3 29 19 0 18 18 15 
31 23 49 9 10 25 14 25 33 5 
15 7 3 5 12 11 21 35 14 27 
16 7 3 6 26 2 40 48 45 28 
11 29 48 41 20 13 9 1 5 0 
3 8 0 34 9 4 12 11 21 48 
18 14 12 10 6 10 3 4 0 28 
16 4 36 8 47 17 7 41 10 7 
15 37 9 11 35 1 10 2 26 22 
13 20 17 47 4 34 9 43 12 38 
18 23 2 3 16 5 1 3 16 16 
9 28 7 13 34 2 2 2 4 25 
15 13 6 29 17 6 6 15 5 36 
9 10 10 18 23 8 26 41 8 4 
10 1 0 38 34 45 48 17 17 2 
6 7 4 7 49 33 0 49 15 15 
50 37 34 43 19 29 1 12 10 36 
15 12 45 13 7 11 13 26 49 18 
12 3 1 38 18 34 30 30 4 18 
31 13 21 11 11 8 15 50 0 15 
4 25 35 29 7 2 2 4 12 7 
12 40 18 25 1 7 8 42 13 18 
16 29 4 14 43 46 19 26 4 16 
37 14 30 13 33 12 3 12 12 17 
34 1 22 40 6 15 30 32 46 27 
15 12 4 21 45 13 8 50 2 13 
16 7 12 11 6 7 7 26 8 27 
13 11 17 3 42 11 0 20 2 23 
10 34 12 18 50 5 37 41 11 19 
2 15 35 4 11 3 6 11 36 49 
35 7 1 2 32 50 11 10 3 23 
3 24 12 21 45 29 43 18 19 18 
8 39 5 12 32 12 43 3 8 13 
2 18 39 16 11 19 13 46 7 6 
12 17 4 17 36 41 36 16 29 35 
18 16 3 16 14 17 2 11 14 1 
13 2 37 16 35 19 0 38 5 29 
16 43 46 2 49 13 29 3 2 13 
31 30 27 2 46 10 4 18 6 27 
46 15 0 0 19 17 17 3 3 17 
16 19 8 39 39 17 15 0 44 14 
32 5 2 35 23 44 29 18 13 19 
31 25 15 7 14 9 2 11 4 39 
18 8 16 9 13 38 15 16 44 32 
11 15 31 42 19 5 17 49 5 17 
16 26 13 4 14 11 17 7 27 13 
0 42 30 2 21 5 17 33 8 17 
20 13 19 6 13 6 39 11 18 12 
30 7 2 6 10 32 15 10 32 25 
4 18 1 36 10 2 19 18 28 1 
34 11 3 24 15 12 32 5 2 10 
12 0 7 4 0 44 42 16 15 18 
16 34 17 10 4 16 9 0 29 11 
15 22 0 11 3 19 32 12 34 8 
31 4 10 17 4 1 0 45 12 42 
18 3 13 11 13 10 31 10 50 16 
19 15 5 10 6 15 4 8 19 39 
10 17 4 3 13 16 14 5 38 38 
41 6 8 9 1 50 5 48 16 39 
44 9 48 9 45 48 2 2 19 10 
13 34 6 10 7 42 7 49 37 50 
12 15 43 41 5 0 42 5 17 43 
29 34 5 48 19 35 26 25 13 1 
32 20 31 10 19 13 12 18 19 14 
3 7 8 19 15 17 16 19 5 19 
7 2 45 1 19 44 2 11 15 5 
14 19 6 34 10 8 41 18 3 9 
13 18 23 6 9 39 11 10 19 20 
4 16 50 17 3 11 13 50 7 17 
10 0 8 10 26 48 31 37 6 13 
2 23 45 13 16 3 10 16 44 6 
0 48 18 8 17 3 8 17 18 16 
18 4 27 12 4 12 8 5 4 37 
21 6 39 22 9 23 22 12 15 2 
23 2 16 44 5 5 3 20 8 11 
24 3 23 13 29 0 16 13 1 28 
4 0 40 14 17 39 15 49 43 32 
5 1 1 2 5 17 9 10 31 3 
7 9 19 24 48 12 16 18 46 24 
34 38 43 11 0 1 0 8 1 11 
19 24 8 3 45 26 5 5 41 1 
28 29 39 13 9 10 12 1 6 25 
13 18 3 24 0 45 0 14 27 50 
14 13 15 5 9 2 32 30 9 17 
13 5 41 13 19 17 27 34 7 18 
0 45 12 1 41 34 21 12 27 10 
12 12 8 8 49 10 45 21 25 18 
7 16 26 33 3 43 6 26 15 1 
25 8 16 2 14 1 9 5 12 1 
5 1 38 4 7 38 7 46 40 3 
2 10 2 21 37 7 16 3 5 6 
7 2 42 38 15 2 11 14 8 19 
31 14 11 11 7 50 16 2 10 25 
17 37 45 37 9 9 33 11 17 9 
17 15 3 5 10 40 7 11 8 13 
8 0 36 8 3 14 18 2 19 4 
43 12 5 0 17 27 17 14 4 6 
33 10 8 10 17 38 49 12 37 14 
11 43 6 46 16 9 3 20 13 19 
33 38 18 9 17 12 1 4 42 0 
40 29 11 3 2 8 35 24 44 7 
3 2 44 1 43 11 4 6 14 13 
10 41 22 9 10 3 10 21 47 6 
15 31 30 35 0 1 12 17 2 6 
0 11 9 19 6 2 48 14 46 48 
28 7 0 7 13 31 48 12 31 1 
46 1 10 12 17 16 43 29 26 6 
13 0 45 47 0 4 6 10 12 13 
12 11 21 6 0 7 8 18 3 3 
9 12 11 0 6 5 35 24 6 26 
2 10 10 19 36 34 40 23 14 9 
8 43 46 8 49 50 10 18 1 10 
11 5 49 5 2 12 13 25 37 6 
7 22 6 0 11 7 35 13 31 7 
11 3 49 1 30 27 1 0 14 41 
2 4 19 5 17 26 30 12 0 7 
43 45 25 21 46 21 13 11 15 12 
19 10 17 9 5 9 35 39 13 14 
29 10 8 24 15 15 9 25 32 50 
4 14 1 45 14 20 3 17 1 7 
23 38 17 2 2 3 0 10 47 7 
40 9 0 47 9 3 17 6 11 19 
13 1 1 29 7 46 13 10 3 18 
47 28 10 10 29 0 26 49 10 4 
48 7 20 18 19 8 48 27 19 18 
13 16 8 4 49 35 30 4 1 16 
7 47 50 44 45 21 17 23 17 2 
4 19 5 2 40 5 9 8 8 23 
1 10 17 8 13 13 34 5 19 4 
37 14 50 8 1 19 18 9 3 50 
17 17 44 46 15 1 13 42 2 18 
25 15 16 50 17 5 15 6 2 28 
14 6 45 17 0 0 44 16 21 4 
5 0 38 18 15 12 41 12 25 6 
14 1 9 0 11 23 39 3 19 48 
50 35 2 0 4 43 15 16 12 39 
34 0 0 8 8 50 9 14 16 10 
34 6 9 41 15 38 14 16 37 8 
4 8 12 36 1 7 16 22 4 6 
14 1 42 7 9 3 2 2 0 11 
4 35 12 26 10 2 10 5 7 16 
10 33 17 0 37 30 13 3 2 39 
28 5 2 26 15 1 7 19 16 22 
24 19 14 9 2 3 5 6 32 28 
41 23 26 13 28 18 8 3 9 16 
2 35 18 2 10 10 13 17 13 3 
38 5 6 50 22 17 28 46 4 5 
50 15 4 13 10 47 8 34 21 9 
15 19 19 5 19 18 16 40 28 34 
7 19 39 12 7 19 4 2 42 18 
26 9 13 6 5 7 4 9 27 36 
4 6 18 8 9 39 2 7 11 2 
5 6 0 37 15 24 18 43 12 15 
38 3 42 13 5 3 7 14 42 18 
45 9 6 16 17 24 14 7 12 6 
24 33 44 50 3 34 24 1 0 14 
14 18 4 17 33 14 39 1 27 23 
22 13 12 15 9 3 12 42 11 18 
13 23 18 12 1 9 1 22 18 8 
9 28 6 0 18 35 20 9 50 11 
37 4 18 9 12 20 45 16 5 5 
10 10 15 10 38 10 3 2 8 9 
19 17 11 13 10 8 26 28 19 0 
11 15 11 4 32 42 38 13 3 19 
6 41 18 3 18 15 17 29 19 8 
7 35 26 1 36 41 32 5 8 2 
43 0 17 27 12 19 37 30 5 6 
14 20 7 46 7 23 43 9 22 2 
18 50 9 18 22 13 8 46 7 0 
24 15 3 25 42 17 6 10 6 46 
17 4 30 5 2 0 7 19 42 7 
25 12 1 14 10 7 5 5 13 8 
21 45 17 18 47 8 37 3 3 3 
6 9 5 47 9 28 26 15 35 20 
19 14 37 17 29 14 8 39 43 43 
10 18 23 10 21 16 44 14 8 16 
31 6 40 46 17 18 7 11 44 49 
32 50 13 42 27 26 33 34 39 13 
7 26 2 15 5 1 4 47 0 30 
4 20 48 50 12 41 29 14 18 3 
1 31 15 3 10 9 2 4 23 0 
39 5 5 9 15 24 19 26 40 49 
1 45 17 20 26 8 0 17 13 47 
39 0 32 11 23 40 2 30 46 13 
6 9 39 44 8 0 3 7 16 1 
4 0 9 4 25 2 2 1 33 9 
4 19 7 28 13 14 34 7 13 25 
10 9 11 11 6 1 36 0 15 19 
20 1 22 11 0 13 5 9 47 0 
15 28 3 9 38 38 17 8 12 45 
21 45 1 5 7 29 22 37 34 6 
30 16 16 38 33 14 6 22 6 23 
14 20 8 11 5 20 9 17 39 13 
2 2 19 48 40 3 0 18 26 22 
9 9 19 17 5 28 9 11 13 10 
7 18 4 0 7 17 42 27 14 15 
0 17 38 7 12 11 6 30 15 18 
19 0 42 26 8 7 16 3 15 11 
19 12 29 2 4 11 19 9 47 0 
3 12 33 29 16 1 6 9 34 9 
38 11 6 17 27 43 0 45 8 2 
7 0 14 0 37 17 15 12 33 48 
9 13 10 7 3 15 6 2 34 3 
15 10 14 42 15 38 10 3 44 44 
46 0 19 4 50 25 11 19 0 0 
6 38 38 2 6 25 36 16 9 17 
41 11 20 0 17 12 18 5 37 5 
25 10 16 10 35 43 0 6 8 12 
4 19 23 5 43 23 9 3 14 18 
44 13 15 32 43 7 48 40 9 4 
6 19 25 8 35 32 0 10 42 10 
13 36 1 31 19 7 35 12 10 33 
48 1 2 1 3 4 17 3 1 19 
13 4 18 38 1 14 18 24 9 9 
3 1 6 18 11 45 6 2 47 9 
19 5 33 35 7 45 6 10 19 7 
28 14 11 11 18 48 3 3 23 11 
30 9 17 27 32 2 6 15 38 4 
13 6 50 17 16 19 1 0 5 6 
12 8 40 16 4 1 3 2 16 18 
1 19 10 0 2 17 3 0 12 4 
11 11 17 0 32 18 11 33 30 19 
0 5 11 45 14 38 9 0 5 17 
11 20 7 16 30 8 3 3 37 42 
50 17 10 19 1 13 10 18 9 9 
15 8 6 3 10 4 8 50 17 1 
15 1 16 45 43 12 8 47 19 0 
40 9 4 7 14 31 13 42 29 22 
18 4 16 14 18 19 39 18 11 34 
10 16 44 5 7 21 2 14 15 15 
38 39 20 7 12 48 26 19 12 16 
7 3 28 3 1 6 11 8 45 14 
14 5 13 5 4 15 7 24 2 18 
1 29 15 44 34 14 7 47 0 4 
18 3 1 3 1 19 17 47 5 19 
15 0 12 15 9 21 38 6 31 1 
4 20 19 39 1 7 47 32 35 14 
13 12 17 14 49 18 37 36 13 13 
32 20 4 45 5 3 8 15 13 12 
5 15 0 1 3 31 17 10 10 29 
3 2 7 16 16 37 5 12 3 5 
48 1 10 13 2 8 9 16 4 9 
45 16 11 37 4 47 16 35 13 5 
18 41 4 24 7 15 11 6 14 18 
18 12 7 8 10 9 19 13 47 9 
13 15 0 19 23 28 3 15 13 11 
15 15 5 10 23 14 16 3 2 9 
15 4 12 11 27 43 7 14 12 43 
33 11 18 13 13 13 5 6 14 3 
10 13 16 12 30 35 10 8 1 42 
1 15 29 23 12 15 4 18 9 1 
36 34 5 3 4 17 2 16 20 10 
4 3 40 13 10 1 35 47 14 5 
5 3 2 17 18 1 13 26 3 10 
9 22 2 23 12 37 18 48 24 10 
6 15 9 7 8 24 11 2 30 20 
8 14 9 38 17 1 4 10 36 3 
13 3 13 8 10 6 23 11 31 50 
12 13 30 12 14 50 10 28 2 19 
38 14 22 50 13 13 7 16 4 12 
0 0 30 11 9 8 41 30 16 10 
9 14 37 19 20 18 4 7 17 13 
19 33 14 9 0 6 24 0 10 17 
1 43 31 7 1 28 16 15 0 46 
12 10 13 40 15 50 29 18 6 1 
12 10 37 41 28 5 31 49 1 16 
17 15 32 6 27 39 29 9 47 33 
15 36 32 21 17 34 44 15 8 47 
15 18 12 8 13 39 10 12 35 16 
3 16 14 9 15 10 26 27 9 27 
3 7 10 12 16 6 18 9 1 4 
13 19 14 6 22 17 19 39 5 15 
14 36 6 41 10 18 16 2 12 18 
3 4 19 6 14 23 49 15 9 7 
35 18 33 41 33 2 18 3 46 14 
42 34 3 0 0 43 15 44 19 5 
16 9 1 11 27 7 7 1 7 46 
9 8 4 48 7 46 48 11 44 10 
1 8 10 38 47 17 26 12 11 7 
6 8 19 25 16 5 20 19 14 5 
7 20 30 3 11 39 22 7 9 9 
11 3 4 18 19 8 38 4 7 23 
18 4 12 15 3 3 17 10 2 14 
13 8 13 16 15 0 13 15 18 50 
5 18 18 16 8 0 6 7 6 2 
15 2 44 1 4 9 0 2 12 19 
5 10 24 0 18 37 20 10 42 26 
46 8 12 11 18 15 2 13 0 8 
19 1 30 38 30 47 11 50 10 41 
19 17 16 39 16 3 10 35 50 10 
4 38 0 16 47 15 16 19 12 0 
3 9 17 34 13 7 37 6 15 49 
0 4 19 10 1 31 19 16 18 3 
1 39 19 7 8 21 48 18 10 17 
0 30 0 2 16 6 4 8 12 7 
14 24 3 12 18 2 9 15 14 3 
16 6 3 9 18 17 8 17 19 2 
23 50 20 17 10 7 9 7 1 21 
19 33 19 15 31 4 37 35 2 19 
5 4 10 30 22 37 5 45 7 15 
11 2 4 6 42 13 16 3 28 37 
9 24 24 31 1 21 33 32 7 13 
0 1 1 4 12 11 41 18 31 10 
13 5 11 5 9 14 49 11 36 49 
7 9 39 9 46 12 18 43 30 7 
29 23 12 13 22 10 17 15 21 14 
19 14 8 19 12 13 6 10 15 6 
40 39 19 19 0 17 43 25 19 11 
19 11 11 31 49 50 1 26 17 26 
16 11 18 6 10 29 36 14 12 6 
18 18 3 19 37 35 5 19 18 22 
15 36 29 9 1 12 4 49 12 30 
15 7 7 7 25 43 42 6 32 3 
47 13 10 32 11 14 1 15 0 36 
20 13 26 4 9 9 35 43 32 8 
3 14 13 10 30 41 13 5 10 11 
39 42 0 14 3 2 17 8 10 14 
40 40 0 43 50 18 7 8 11 2 
10 3 17 7 21 8 0 4 4 20 
40 18 38 30 1 16 6 2 11 28 
23 44 10 45 7 0 50 3 46 21 
4 35 8 9 8 39 8 14 18 47 
14 7 15 17 16 5 5 11 17 15 
33 35 29 12 10 12 34 6 11 47 
11 5 12 11 11 3 8 6 5 4 
16 0 2 25 1 18 30 36 1 15 
14 38 37 23 1 12 5 8 26 40 
49 45 7 17 41 5 38 29 43 6 
7 0 8 22 7 8 4 30 16 6 
18 1 47 2 49 17 13 18 1 19 
20 2 9 38 6 17 45 16 14 17 
5 6 39 3 15 0 16 48 9 50 
2 6 31 30 1 35 42 18 1 3 
6 8 32 11 17 39 3 10 45 6 
8 44 4 11 13 43 23 28 13 5 
0 46 4 13 19 0 17 13 25 19 
12 16 19 8 12 11 22 3 0 17 
2 16 44 45 18 7 10 43 3 25 
8 6 7 17 38 34 19 24 4 34 
21 48 15 42 9 40 0 2 6 3 
40 32 16 1 40 13 7 18 13 7 
14 10 9 47 14 15 5 1 7 7 
1 15 37 11 19 37 8 3 8 3 
19 32 2 8 9 0 2 10 23 39 
27 15 13 44 10 16 10 13 8 36 
9 14 14 12 6 17 30 16 2 11 
6 17 40 15 14 17 6 14 10 3 
2 48 15 36 18 45 6 2 1 3 
13 18 43 9 6 47 15 1 37 26 
5 4 10 49 29 15 7 15 4 0 
10 7 10 45 19 8 2 27 13 40 
46 4 0 20 3 14 14 1 32 6 
37 50 49 10 31 6 1 4 15 24 
34 18 8 10 16 14 35 14 3 13 
46 36 13 13 15 10 2 14 21 8 
2 11 37 19 14 16 11 20 9 7 
23 17 34 12 0 9 0 29 4 6 
3 30 7 7 10 12 18 31 8 17 
7 1 21 5 46 47 25 15 32 30 
46 5 5 2 1 0 6 20 6 0 
7 10 24 7 3 11 30 15 26 13 
12 49 1 30 2 13 24 19 7 17 
12 28 10 17 37 10 12 18 16 19 
46 37 9 11 48 1 7 9 24 1 
41 6 46 11 48 42 8 24 29 10 
45 39 15 7 21 31 1 4 0 4 
8 4 28 47 18 0 8 10 49 1 
24 14 14 7 14 1 16 1 10 16 
14 18 5 6 5 5 28 25 21 13 
10 18 4 19 29 18 23 11 43 11 
19 16 18 1 7 49 1 14 19 13 
16 3 34 4 18 24 18 13 48 16 
48 39 6 10 21 10 37 13 5 18 
18 17 38 18 18 35 8 48 5 14 
23 35 50 18 36 1 12 13 23 7 
39 12 5 11 12 8 46 18 1 14 
44 5 4 9 40 14 44 35 12 22 
6 36 8 13 42 39 10 28 15 10 
33 27 4 12 11 18 7 8 21 27 
36 12 15 3 12 12 1 32 1 48 
4 31 33 3 15 0 46 25 17 49 
1 38 9 29 9 6 33 25 27 10 
17 33 19 2 10 32 8 8 9 18 
16 1 0 8 14 20 1 13 13 30 
2 18 5 9 18 25 19 8 5 2 
16 39 10 13 3 3 36 14 1 1 
13 3 17 35 10 5 0 5 44 8 
29 12 16 31 12 14 16 7 24 9 
5 44 41 8 16 25 11 23 7 14 
13 1 35 49 8 16 15 14 31 1 
46 16 5 4 22 50 33 15 13 30 
43 1 15 17 15 33 22 18 36 18 
9 7 4 6 31 48 46 1 4 19 
3 37 9 48 8 14 35 9 6 16 
39 6 10 14 8 7 18 2 3 0 
11 39 0 1 49 17 29 29 4 8 
0 39 35 16 21 46 14 4 15 15 
35 2 6 12 0 8 1 0 3 14 
37 2 14 19 12 6 0 1 2 6 
34 6 1 2 0 1 43 46 22 9 
11 13 17 47 17 5 13 6 19 13 
10 16 13 38 6 40 8 4 0 6 
14 31 10 3 19 8 49 4 16 1 
8 31 25 8 11 5 16 44 12 46 
44 4 2 3 43 16 6 17 7 9 
3 43 12 50 2 11 0 20 13 4 
37 8 1 20 50 12 47 6 17 3 
1 12 24 9 31 15 17 3 36 5 
9 16 1 7 15 47 31 3 14 38 
11 7 7 45 11 15 29 10 4 11 
13 45 6 16 7 29 49 38 4 24 
10 17 9 2 18 28 6 15 10 12 
10 6 8 10 10 4 18 33 14 9 
0 19 19 11 3 5 27 8 5 5 
0 16 41 10 18 19 20 40 3 12 
23 1 18 46 19 0 3 14 19 14 
32 50 15 6 7 13 0 16 13 49 
13 25 10 2 10 3 34 16 2 1 
49 16 3 4 12 34 39 13 14 6 
1 15 1 12 15 4 3 16 4 37 
43 41 9 18 38 9 11 17 23 17 
3 19 17 9 34 6 19 18 6 10 
47 27 2 19 20 31 6 3 48 33 
32 20 50 15 2 0 48 28 43 14 
5 3 28 12 6 38 40 48 4 2 
34 50 4 11 32 16 0 47 3 21 
16 1 16 11 16 4 14 12 18 6 
18 3 6 3 2 15 18 3 38 15 
0 15 18 11 4 7 15 0 10 4 
18 15 16 10 41 2 43 45 12 18 
5 3 7 1 35 10 19 45 19 4 
22 39 50 12 15 3 3 0 50 17 
3 18 43 7 9 31 12 1 34 4 
3 3 0 4 14 0 31 9 37 12 
14 38 47 10 2 39 34 13 41 0 
36 36 40 13 11 3 18 5 41 49 
12 10 5 27 25 7 30 14 11 2 
8 4 6 9 3 12 9 40 37 3 
48 14 30 14 2 35 49 26 16 45 
5 1 8 5 8 14 16 6 23 17 
3 2 1 50 17 4 9 17 19 12 
0 15 31 8 15 10 16 10 32 42 
8 25 6 24 4 28 16 18 15 17 
34 23 10 17 2 7 7 38 23 4 
17 3 10 10 16 16 7 14 40 5 
43 8 31 50 25 13 13 10 9 40 
7 0 15 28 20 39 5 38 5 50 
19 15 28 3 15 10 21 14 33 12 
9 18 3 50 9 2 1 4 16 3 
45 0 41 9 6 9 25 31 3 18 
1 16 31 15 50 7 9 8 38 44 
10 13 8 16 38 12 30 46 13 7 
44 31 12 15 37 31 2 6 22 4 
12 10 33 3 15 50 17 40 13 41 
8 45 48 37 16 10 39 39 17 9 
10 18 7 18 36 18 0 1 48 13 
12 49 16 6 10 12 12 31 38 13 
6 22 47 30 18 12 3 27 8 3 
8 7 18 2 18 14 9 0 42 19 
8 10 32 12 5 14 17 35 19 50 
40 5 24 10 6 8 13 9 32 14 
43 6 13 10 17 6 12 43 2 18 
40 50 0 18 20 40 13 3 30 5 
5 16 35 2 34 50 13 34 20 10 
39 2 15 7 44 19 8 16 5 4 
22 18 11 4 39 15 9 10 15 22 
40 4 9 27 41 43 14 23 4 19 
4 18 13 5 14 3 22 14 0 8 
7 19 6 17 8 19 7 19 38 40 
3 39 37 10 49 10 16 42 40 8 
30 18 6 15 12 24 18 3 18 8 
14 31 20 7 10 9 6 35 6 0 
8 14 8 26 17 11 18 7 11 2 
3 41 9 47 8 2 34 10 33 9 
4 18 15 9 13 20 36 41 45 23 
19 12 16 4 9 29 6 12 6 47 
26 6 0 5 14 1 13 0 34 7 
8 30 21 9 18 31 5 41 18 18 
19 10 13 5 10 16 45 3 33 7 
17 15 47 3 15 21 19 18 15 7 
24 32 3 35 9 11 9 13 27 15 
1 11 8 44 1 5 45 11 8 15 
1 35 1 13 4 28 18 8 19 17 
7 18 18 5 11 3 16 40 9 1 
16 48 43 27 23 14 24 31 40 7 
44 4 6 6 19 10 3 9 5 39 
33 0 13 14 16 5 15 28 12 12 
44 29 24 13 1 2 2 36 7 44 
6 26 29 13 32 17 13 13 16 4 
17 5 22 10 11 48 3 12 39 16 
4 26 1 5 3 23 31 14 16 13 
8 46 23 44 17 49 31 32 3 31 
18 40 17 12 15 29 46 9 18 6 
31 47 10 17 46 14 0 14 48 0 
47 16 40 4 40 1 6 9 42 39 
31 24 11 41 9 3 13 11 10 0 
23 2 18 15 1 15 11 11 16 26 
8 36 15 8 5 23 24 22 16 4 
19 23 15 24 24 25 8 12 11 8 
0 12 48 19 14 8 6 1 12 3 
2 9 1 24 12 8 8 4 12 10 
19 11 18 2 12 39 14 33 20 49 
7 4 15 39 26 40 8 18 5 11 
14 38 30 19 27 12 47 15 41 7 
2 3 3 7 16 34 15 0 15 28 
8 13 14 8 22 18 17 31 5 36 
7 6 11 28 1 7 7 8 2 0 
38 4 17 12 7 16 18 26 44 5 
1 24 19 43 30 12 4 4 15 42 
2 6 3 15 8 25 31 2 8 23 
10 5 34 24 0 6 16 15 50 8 
33 18 2 1 3 49 35 10 19 19 
18 17 14 49 18 49 44 2 11 50 
10 10 45 10 4 7 12 1 17 4 
13 17 1 3 16 50 0 36 25 12 
10 2 9 31 43 5 21 46 11 14 
17 16 4 12 14 9 3 0 17 4 
10 41 7 7 5 44 13 13 45 13 
11 12 29 43 0 39 4 20 3 3 
41 40 7 7 16 37 30 9 29 44 
32 29 10 11 4 38 9 11 11 11 
8 15 13 50 11 0 14 3 10 50 
15 12 19 11 18 12 6 14 0 18 
18 13 10 12 8 11 11 10 19 2 
1 19 6 11 47 10 29 48 4 21 
7 10 44 18 0 4 1 16 16 1 
9 4 2 6 3 32 47 19 24 11 
12 11 1 32 1 38 0 16 14 2 
16 14 49 6 1 13 11 18 49 11 
4 4 36 19 6 3 9 18 14 3 
34 16 6 48 10 8 7 0 6 7 
30 40 43 0 17 0 7 18 46 24 
14 2 21 39 34 1 3 24 30 40 
19 2 15 1 48 13 1 25 0 5 
18 47 7 6 0 18 41 7 10 19 
6 7 14 5 4 29 9 0 14 11 
0 38 19 4 17 21 9 17 14 6 
36 0 21 17 7 11 10 44 25 13 
0 8 18 6 11 9 50 44 10 40 
6 13 14 0 31 7 39 50 17 10 
5 19 15 13 44 17 18 30 22 15 
7 27 34 43 10 30 6 27 17 48 
42 13 11 50 8 10 22 39 7 39 
46 13 10 33 11 9 11 10 6 11 
6 27 20 4 31 20 30 15 45 25 
44 33 1 19 17 6 23 0 4 40 
38 24 2 0 10 16 18 8 7 29 
11 15 7 15 48 30 1 47 15 19 
18 44 13 1 10 6 7 2 12 13 
22 16 10 1 4 8 29 5 11 6 
3 12 43 37 18 17 8 47 11 13 
5 10 49 17 32 11 44 5 10 15 
14 10 18 7 32 2 19 3 7 15 
10 46 16 28 8 26 5 5 38 4 
8 17 18 7 17 15 50 14 24 16 
3 8 12 36 2 7 8 9 10 9 
0 50 17 31 2 22 12 0 6 3 
40 45 16 2 30 9 19 7 10 41 
3 35 13 15 8 23 6 17 17 6 
12 0 14 33 7 9 19 5 13 9 
7 11 1 22 18 6 4 5 4 4 
12 10 49 0 11 3 33 31 39 29 
39 9 13 9 19 40 5 44 14 16 
9 9 11 34 7 31 1 14 11 11 
7 23 46 16 2 47 8 14 19 18 
10 41 17 16 45 43 0 12 42 0 
47 12 1 7 27 34 8 17 7 19 
32 32 31 25 14 12 9 7 8 36 
10 14 14 13 20 19 8 37 24 8 
13 13 12 24 2 39 7 12 4 8 
50 14 31 10 15 17 17 13 26 39 
9 18 37 38 28 3 16 16 17 45 
11 10 18 16 7 35 9 31 8 3 
14 11 43 3 13 45 26 38 5 3 
16 47 9 17 34 19 7 25 10 0 
26 5 42 5 4 44 5 35 21 14 
16 45 16 4 2 38 2 26 19 14 
9 36 16 11 28 4 42 17 28 43 
27 17 18 1 14 14 46 7 47 15 
3 8 48 8 6 41 2 3 12 19 
12 0 0 13 12 4 0 5 5 25 
11 37 48 49 18 47 48 2 8 31 
12 23 3 7 10 13 15 41 6 3 
16 0 5 47 2 1 0 14 18 10 
41 1 9 28 16 21 0 44 50 33 
39 19 3 34 13 45 9 13 14 10 
7 14 15 10 12 11 5 18 29 15 
16 8 40 46 5 9 4 13 15 46 
10 1 0 16 21 23 11 6 24 13 
3 30 10 5 39 1 0 48 3 18 
19 15 29 3 8 10 2 48 38 19 
2 36 6 37 21 4 47 12 20 17 
18 7 29 14 18 14 34 1 10 22 
48 49 18 4 17 1 16 47 0 2 
14 34 19 32 8 44 47 50 31 8 
19 5 34 18 30 42 16 8 19 5 
18 10 12 33 11 35 5 50 5 13 
8 13 14 15 0 9 6 12 13 22 
9 3 1 33 45 46 43 3 4 17 
41 32 25 9 1 26 4 9 1 13 
10 5 28 21 10 33 8 7 10 0 
4 5 15 6 23 40 3 37 17 11 
17 2 14 29 42 4 19 0 2 18 
11 8 33 31 3 8 10 28 17 27 
15 49 17 40 13 19 18 5 9 34 
13 8 38 10 15 11 24 1 3 3 
33 48 9 2 1 6 46 15 10 17 
40 15 11 32 5 16 1 20 27 9 
19 1 41 8 6 48 5 8 18 22 
18 6 0 19 30 0 17 6 43 3 
1 39 10 11 6 43 45 9 37 7 
32 2 4 14 25 4 4 17 49 30 
9 13 10 19 13 29 10 13 12 13 
4 9 37 43 50 30 31 12 34 5 
11 19 10 1 8 15 13 8 12 14 
26 39 2 4 26 6 10 28 35 39 
27 44 15 11 12 22 0 11 5 22 
47 1 5 1 0 22 28 0 5 0 
19 9 14 0 0 18 4 6 15 4 
48 15 44 49 6 13 46 0 41 18 
2 8 29 15 45 14 35 12 3 23 
11 0 15 19 5 32 43 37 6 9 
2 11 16 17 16 15 18 27 11 1 
45 7 27 3 10 3 38 12 19 46 
25 45 49 12 2 5 31 16 40 19 
9 3 6 24 5 10 9 14 10 44 
7 4 41 12 44 0 16 11 36 2 
15 13 43 16 21 44 12 3 10 19 
50 21 2 13 15 8 15 6 6 45 
8 10 40 3 3 4 1 26 10 16 
5 17 7 29 42 1 31 46 3 38 
7 11 15 6 35 16 32 9 38 9 
11 17 19 18 15 6 18 5 13 23 
47 0 10 13 1 15 11 4 47 42 
28 31 1 9 46 36 21 15 3 33 
1 39 18 23 34 29 50 14 24 4 
41 9 4 13 7 14 1 16 1 27 
7 13 10 9 39 11 12 7 10 24 
0 3 40 1 8 1 5 19 13 27 
2 15 24 44 37 17 2 36 15 3 
16 2 9 25 9 0 1 15 10 27 
44 11 3 1 47 11 15 9 39 11 
20 4 40 1 1 31 8 10 0 39 
5 13 14 14 30 0 39 3 26 5 
14 1 21 7 20 4 39 7 50 1 
10 2 36 17 16 17 4 1 22 44 
7 18 13 9 8 17 18 32 9 23 
1 12 35 15 27 29 16 3 17 8 
20 15 14 10 17 2 41 15 3 5 
6 0 2 10 6 49 12 1 11 42 
19 39 33 21 6 3 15 1 49 1 
4 1 19 11 6 40 15 5 18 15 
12 6 19 16 43 36 14 3 16 0 
12 9 1 18 4 19 15 10 12 5 
3 19 49 10 28 12 18 16 19 5 
10 17 26 44 10 8 23 13 3 13 
16 16 15 5 5 6 18 19 40 16 
2 0 8 6 10 20 17 34 16 31 
